1474000,3,3,0,3,2,3,Innistrad,creature,human,Black,Blue,White,,,RARE
1474001,3,1,2,1,2,0,Innistrad,creature,zombie,Blue,Black,,,,COMMON
1474002,3,0,3,1,2,1,Kamigawa,creature,dragon,Green,Black,Red,,,UNCOMMON
1474003,0,2,3,0,0,2,Kamigawa,equipment,Bottle,Blue,Red,,,,MYTHIC RARE
1474004,0,0,1,3,3,3,Ravnica,equipment,Boots,Green,Blue,Red,,,COMMON
1474005,2,1,3,1,0,3,Ravnica,equipment,Ring,Blue,,,,,UNCOMMON
1474006,0,0,0,3,0,2,DnD,creature,human,White,Green,,,,RARE
1474007,0,2,0,1,0,1,Ravnica,equipment,Talisman,Blue,,,,,COMMON
1474008,3,0,1,1,0,1,Strixhaven,equipment,Sword,White,,,,,COMMON
1474009,1,1,1,0,0,0,Strixhaven,equipment,Boots,Green,,,,,COMMON
1474010,3,1,3,2,0,0,Strixhaven,creature,boar,Green,White,Red,,,UNCOMMON
1474011,3,1,2,2,0,1,Kaldheim,equipment,Sword,Blue,Green,,,,RARE
1474012,2,0,1,2,0,3,Kamigawa,creature,elf,Red,Green,White,,,MYTHIC RARE
1474013,2,2,0,0,0,2,Ravnica,creature,dragon,White,Blue,,,,UNCOMMON
1474014,2,3,2,2,1,3,DnD,creature,elf,White,,,,,COMMON
1474015,0,1,2,1,2,1,Strixhaven,equipment,Boots,Blue,Black,Green,,,RARE
1474016,2,1,0,0,1,3,Kaldheim,creature,dwarf,White,Black,,,,MYTHIC RARE
1474017,1,2,1,1,2,2,Strixhaven,equipment,Sword,Black,Green,Red,Blue,,MYTHIC RARE
1474018,3,1,3,0,3,0,Strixhaven,creature,dwarf,White,Black,,,,UNCOMMON
1474019,2,0,0,2,2,1,Innistrad,equipment,Ring,Green,Black,,,,MYTHIC RARE
1474020,0,0,1,1,2,3,Ravnica,creature,dragon,Black,White,Green,Red,,COMMON
1474021,0,3,3,0,2,0,Strixhaven,creature,dragon,Green,,,,,UNCOMMON
1474022,0,1,3,0,0,3,DnD,equipment,Talisman,Red,Blue,White,Green,,RARE
1474023,1,3,3,1,3,3,Strixhaven,equipment,Sword,Red,Green,,,,UNCOMMON
1474024,2,0,3,0,2,3,Kamigawa,creature,zombie,Green,Blue,Red,,,COMMON
1474025,2,0,3,1,0,2,Strixhaven,equipment,Sword,Red,Green,Black,,,MYTHIC RARE
1474026,1,0,0,1,0,1,Ravnica,equipment,Boots,White,Blue,Green,,,COMMON
1474027,0,0,1,0,0,0,Strixhaven,creature,boar,White,Black,Blue,Red,,RARE
1474028,2,3,2,1,3,2,Strixhaven,creature,dwarf,Red,Green,,,,RARE
1474029,1,0,2,2,3,2,Innistrad,equipment,Talisman,Green,,,,,COMMON
1474030,1,3,1,3,3,2,Kaldheim,equipment,Bottle,Green,Black,,,,MYTHIC RARE
1474031,3,2,3,0,1,2,Kaldheim,equipment,Bottle,Blue,Green,White,,,COMMON
1474032,3,3,3,2,3,3,Ravnica,creature,elf,Red,White,Black,,,COMMON
1474033,1,1,3,1,3,1,Kamigawa,equipment,Sword,Blue,Green,Black,,,UNCOMMON
1474034,2,0,1,2,3,1,Innistrad,equipment,Sword,Green,Black,,,,MYTHIC RARE
1474035,0,1,1,1,3,1,Strixhaven,creature,boar,White,,,,,MYTHIC RARE
1474036,2,2,0,2,3,1,Innistrad,equipment,Sword,Red,Black,White,,,MYTHIC RARE
1474037,0,3,1,1,2,3,Ravnica,equipment,Bottle,Red,Black,Blue,Green,,UNCOMMON
1474038,1,0,2,0,2,2,Innistrad,creature,human,White,Green,,,,COMMON
1474039,2,0,1,1,2,0,Innistrad,equipment,Bottle,Black,White,Blue,,,UNCOMMON
1474040,1,1,1,3,0,0,Innistrad,creature,zombie,Black,Green,Red,White,,COMMON
1474041,3,3,1,0,3,2,Innistrad,creature,dwarf,Red,Black,White,,,COMMON
1474042,0,2,0,3,3,0,Kaldheim,equipment,Sword,White,Green,Blue,,,RARE
1474043,2,2,3,0,3,1,Kaldheim,equipment,Sword,White,Black,,,,UNCOMMON
1474044,2,0,0,0,3,2,Ravnica,equipment,Boots,Black,White,,,,RARE
1474045,2,2,0,1,2,3,Strixhaven,creature,elf,White,Black,,,,MYTHIC RARE
1474046,3,1,2,3,2,2,Kaldheim,equipment,Sword,Blue,,,,,UNCOMMON
1474047,2,0,1,3,0,2,Strixhaven,equipment,Boots,White,,,,,UNCOMMON
1474048,0,2,0,3,2,3,Ravnica,equipment,Talisman,White,Red,,,,COMMON
1474049,2,2,2,0,2,2,Kamigawa,equipment,Boots,Green,Red,Black,,,COMMON
1474050,0,1,3,3,1,3,Ravnica,creature,human,Red,Black,Blue,,,COMMON
1474051,0,0,1,0,3,2,Kamigawa,creature,elf,Black,Blue,White,,,RARE
1474052,3,2,0,0,1,1,Strixhaven,creature,dwarf,Blue,Red,,,,MYTHIC RARE
1474053,2,3,0,1,0,0,Innistrad,equipment,Talisman,Red,White,,,,UNCOMMON
1474054,2,1,1,3,0,2,Kaldheim,creature,dragon,White,Black,Blue,,,COMMON
1474055,3,3,1,0,0,2,Innistrad,creature,dragon,Green,,,,,RARE
1474056,3,0,3,2,0,1,Kaldheim,equipment,Ring,Green,Red,,,,MYTHIC RARE
1474057,3,1,3,0,0,1,Innistrad,equipment,Ring,White,Red,Green,,,UNCOMMON
1474058,2,1,0,2,1,3,Strixhaven,creature,elf,Red,,,,,COMMON
1474059,3,2,2,0,1,1,DnD,creature,boar,Red,Blue,,,,RARE
1474060,0,1,1,1,0,1,Strixhaven,creature,dragon,White,Blue,Red,Black,,MYTHIC RARE
1474061,0,0,2,3,1,2,Kamigawa,equipment,Talisman,Green,Red,,,,COMMON
1474062,2,1,3,0,1,2,Kamigawa,equipment,Bottle,Red,Blue,,,,UNCOMMON
1474063,1,3,0,0,3,0,Ravnica,creature,boar,White,,,,,MYTHIC RARE
1474064,0,1,2,0,3,2,DnD,equipment,Bottle,Red,Green,,,,RARE
1474065,0,1,2,2,0,1,Ravnica,creature,human,Blue,White,Green,,,COMMON
1474066,3,1,3,3,3,2,DnD,equipment,Bottle,Blue,,,,,RARE
1474067,0,0,0,2,1,3,Strixhaven,creature,elf,Blue,Black,,,,MYTHIC RARE
1474068,0,1,1,2,0,3,Ravnica,creature,elf,Green,White,Blue,,,MYTHIC RARE
1474069,3,2,0,0,2,0,Kamigawa,equipment,Sword,Blue,Red,Green,,,MYTHIC RARE
1474070,2,1,3,1,2,3,DnD,equipment,Bottle,Green,White,Red,Black,,UNCOMMON
1474071,0,1,1,0,2,3,DnD,creature,dwarf,Black,Green,,,,MYTHIC RARE
1474072,2,0,3,3,0,2,Innistrad,creature,boar,Red,,,,,MYTHIC RARE
1474073,3,0,0,1,1,0,Kamigawa,creature,human,Green,Red,Black,Blue,,MYTHIC RARE
1474074,3,1,1,1,0,3,Ravnica,equipment,Talisman,Black,Blue,White,,,UNCOMMON
1474075,0,0,2,2,0,1,Strixhaven,equipment,Talisman,White,Red,Green,,,COMMON
1474076,1,3,0,0,0,1,Kaldheim,equipment,Talisman,Black,Green,,,,COMMON
1474077,2,1,2,1,3,3,Ravnica,equipment,Boots,Green,,,,,MYTHIC RARE
1474078,2,0,3,3,2,0,Ravnica,creature,elf,White,,,,,COMMON
1474079,3,1,0,0,1,2,Kaldheim,creature,zombie,Black,,,,,UNCOMMON
1474080,2,1,2,1,0,3,DnD,creature,human,Red,,,,,COMMON
1474081,2,1,1,2,3,3,Innistrad,creature,zombie,Green,Red,White,,,RARE
1474082,3,0,1,3,3,1,Innistrad,creature,zombie,Red,,,,,UNCOMMON
1474083,3,1,2,2,3,2,Kaldheim,equipment,Talisman,White,Black,Green,,,RARE
1474084,0,1,0,3,3,3,Kaldheim,creature,dwarf,Blue,Red,Black,,,MYTHIC RARE
1474085,1,0,0,0,0,3,Kaldheim,creature,human,Black,Blue,Green,,,UNCOMMON
1474086,3,1,1,1,3,2,Innistrad,creature,elf,Green,,,,,MYTHIC RARE
1474087,2,3,0,3,1,2,Strixhaven,creature,boar,Blue,Green,,,,MYTHIC RARE
1474088,3,3,1,3,3,2,Ravnica,equipment,Ring,White,Black,,,,COMMON
1474089,2,1,1,0,3,2,Ravnica,equipment,Sword,Green,Blue,White,Red,,MYTHIC RARE
1474090,0,3,1,3,2,0,Strixhaven,creature,dragon,Blue,Green,,,,RARE
1474091,3,1,0,3,2,2,Kaldheim,creature,human,Blue,Red,White,Black,,RARE
1474092,1,0,0,1,0,1,Kaldheim,creature,dwarf,Blue,,,,,COMMON
1474093,2,3,3,3,2,0,Strixhaven,equipment,Talisman,Green,Blue,Black,,,MYTHIC RARE
1474094,2,0,1,2,1,2,Innistrad,creature,zombie,Red,Blue,,,,UNCOMMON
1474095,2,2,0,3,3,3,Ravnica,creature,dragon,Blue,Black,Red,,,RARE
1474096,2,0,3,2,2,2,DnD,creature,zombie,Blue,,,,,COMMON
1474097,3,0,0,3,0,3,Strixhaven,creature,dwarf,White,Blue,Black,,,MYTHIC RARE
1474098,2,0,0,2,1,3,Strixhaven,equipment,Sword,Green,Blue,Red,,,RARE
1474099,2,3,1,1,2,0,Kaldheim,creature,elf,White,Green,,,,MYTHIC RARE
1474100,0,0,0,3,0,0,Strixhaven,equipment,Ring,Black,Green,,,,MYTHIC RARE
1474101,1,1,3,1,1,0,Kaldheim,creature,dragon,Green,Black,Red,,,UNCOMMON
1474102,0,0,2,0,1,1,Ravnica,creature,dwarf,Red,Black,,,,RARE
1474103,2,3,3,0,2,2,Strixhaven,creature,dwarf,Blue,Red,White,,,RARE
1474104,2,2,1,3,2,0,Innistrad,equipment,Talisman,Green,Black,Red,Blue,,UNCOMMON
1474105,3,3,3,3,2,3,DnD,creature,elf,Red,,,,,UNCOMMON
1474106,1,2,2,0,0,1,DnD,equipment,Bottle,Blue,,,,,MYTHIC RARE
1474107,0,1,0,0,0,3,Kamigawa,creature,boar,Black,Green,Blue,,,MYTHIC RARE
1474108,3,0,1,2,0,0,Innistrad,equipment,Talisman,Black,Red,,,,MYTHIC RARE
1474109,1,0,0,0,3,1,DnD,creature,human,Black,,,,,COMMON
1474110,0,3,1,2,1,0,Kaldheim,equipment,Bottle,White,Blue,,,,RARE
1474111,1,3,2,1,2,3,Ravnica,equipment,Talisman,Black,,,,,MYTHIC RARE
1474112,0,3,0,0,1,0,DnD,creature,boar,Blue,,,,,MYTHIC RARE
1474113,0,0,2,3,0,0,Ravnica,creature,dragon,Blue,White,,,,RARE
1474114,0,1,1,0,2,1,Ravnica,equipment,Sword,Blue,Green,,,,MYTHIC RARE
1474115,1,3,0,2,1,2,Strixhaven,creature,human,Red,Blue,,,,UNCOMMON
1474116,2,1,3,3,3,1,Strixhaven,equipment,Bottle,Red,Green,,,,MYTHIC RARE
1474117,2,3,3,2,0,0,Kaldheim,creature,boar,Blue,,,,,COMMON
1474118,1,1,0,1,1,0,DnD,equipment,Talisman,White,Blue,,,,UNCOMMON
1474119,0,3,0,3,3,1,Kaldheim,creature,zombie,Black,Red,Green,,,COMMON
1474120,1,3,1,0,1,3,Kamigawa,creature,dwarf,Blue,,,,,MYTHIC RARE
1474121,3,1,3,3,3,0,Kamigawa,creature,dragon,Green,White,Blue,,,RARE
1474122,0,1,3,1,0,1,Ravnica,equipment,Talisman,Black,Green,Red,Blue,,MYTHIC RARE
1474123,1,2,3,2,1,2,Kaldheim,equipment,Sword,White,,,,,MYTHIC RARE
1474124,0,3,2,0,3,1,Ravnica,equipment,Ring,Black,Green,,,,UNCOMMON
1474125,2,0,2,1,3,2,DnD,creature,zombie,Red,Blue,,,,COMMON
1474126,2,0,1,1,0,1,DnD,equipment,Sword,White,,,,,MYTHIC RARE
1474127,1,2,0,0,3,1,Ravnica,equipment,Boots,Red,Blue,Green,White,Black,UNCOMMON
1474128,1,3,3,3,1,3,Ravnica,creature,dwarf,White,Green,,,,COMMON
1474129,0,3,3,0,2,0,Ravnica,equipment,Bottle,Black,,,,,UNCOMMON
1474130,2,0,3,1,2,0,Strixhaven,creature,boar,Green,White,,,,UNCOMMON
1474131,2,1,3,1,1,2,Innistrad,equipment,Boots,Green,Blue,White,Black,,COMMON
1474132,3,0,1,1,3,2,DnD,creature,elf,Green,Blue,,,,RARE
1474133,1,3,0,3,1,0,DnD,creature,elf,Red,White,Blue,Green,,COMMON
1474134,2,2,1,3,1,0,Kaldheim,equipment,Talisman,Green,Blue,,,,UNCOMMON
1474135,0,1,0,0,0,0,DnD,creature,dwarf,Red,White,Green,,,RARE
1474136,1,0,0,2,2,3,Strixhaven,creature,elf,White,Green,Red,,,UNCOMMON
1474137,2,2,3,2,2,0,Ravnica,creature,human,Black,Green,,,,RARE
1474138,2,3,0,1,1,0,Innistrad,equipment,Boots,Green,Red,,,,RARE
1474139,2,1,1,1,0,3,Innistrad,equipment,Ring,Green,Blue,,,,MYTHIC RARE
1474140,1,1,2,0,2,1,Kamigawa,equipment,Bottle,Red,,,,,UNCOMMON
1474141,2,1,3,1,1,2,Strixhaven,creature,elf,Black,White,Blue,,,UNCOMMON
1474142,1,3,3,2,1,2,DnD,creature,dwarf,Black,,,,,MYTHIC RARE
1474143,2,1,3,1,0,0,Ravnica,creature,boar,Blue,Green,Red,,,MYTHIC RARE
1474144,3,3,0,2,3,0,Ravnica,creature,boar,Blue,White,Black,,,COMMON
1474145,3,3,1,0,1,0,Kaldheim,creature,boar,Black,,,,,RARE
1474146,0,0,2,2,2,2,Strixhaven,creature,human,Black,Red,Green,,,COMMON
1474147,1,1,1,1,2,1,Kamigawa,creature,dragon,Blue,,,,,RARE
1474148,0,3,3,3,2,2,Ravnica,creature,dragon,Red,,,,,MYTHIC RARE
1474149,3,2,0,2,1,3,Strixhaven,equipment,Ring,Green,Red,Black,,,UNCOMMON
1474150,2,3,1,0,3,2,Kamigawa,equipment,Bottle,Black,Blue,White,,,MYTHIC RARE
1474151,3,1,1,1,1,0,Innistrad,creature,zombie,Blue,White,,,,RARE
1474152,2,0,0,1,0,2,DnD,creature,zombie,Red,Blue,,,,UNCOMMON
1474153,0,2,0,0,1,0,Innistrad,equipment,Boots,Black,,,,,MYTHIC RARE
1474154,0,3,0,1,1,1,Kamigawa,creature,dwarf,Red,Green,,,,COMMON
1474155,3,2,0,2,1,2,Kaldheim,creature,elf,Red,White,Green,Blue,,COMMON
1474156,1,2,1,0,2,2,Kamigawa,equipment,Boots,Black,,,,,MYTHIC RARE
1474157,0,1,1,3,2,3,Innistrad,creature,dragon,Green,Red,Blue,,,MYTHIC RARE
1474158,2,1,2,1,1,2,Ravnica,creature,elf,Green,White,,,,COMMON
1474159,1,2,2,0,3,3,DnD,equipment,Talisman,Black,White,Green,,,COMMON
1474160,0,0,2,3,2,2,Innistrad,equipment,Ring,Green,Red,White,,,COMMON
1474161,2,2,0,1,3,3,Innistrad,creature,dragon,Red,White,,,,UNCOMMON
1474162,0,1,2,1,0,0,Strixhaven,creature,human,Red,Black,,,,COMMON
1474163,3,2,1,1,2,2,DnD,creature,boar,Black,White,,,,COMMON
1474164,1,2,3,0,2,3,Innistrad,creature,elf,Black,Blue,White,,,UNCOMMON
1474165,3,3,1,0,0,2,Strixhaven,creature,elf,White,,,,,UNCOMMON
1474166,2,0,0,1,1,1,Innistrad,creature,dragon,Green,Blue,White,Red,,UNCOMMON
1474167,0,1,1,2,1,3,DnD,creature,elf,Red,Black,,,,UNCOMMON
1474168,3,0,3,3,3,1,Innistrad,creature,elf,Red,Green,,,,RARE
1474169,2,0,0,2,1,1,DnD,creature,boar,Green,White,Black,,,COMMON
1474170,1,2,1,3,2,0,DnD,equipment,Ring,Blue,Green,White,,,UNCOMMON
1474171,2,2,1,1,3,0,Innistrad,creature,dwarf,Blue,Red,,,,UNCOMMON
1474172,2,2,3,1,0,2,Strixhaven,creature,dwarf,Black,Blue,,,,COMMON
1474173,3,3,1,3,3,3,Strixhaven,creature,zombie,Green,,,,,UNCOMMON
1474174,2,3,2,1,2,0,DnD,creature,dwarf,White,,,,,COMMON
1474175,0,0,1,3,1,1,Ravnica,creature,boar,Blue,Black,,,,RARE
1474176,1,1,1,0,2,2,Kaldheim,equipment,Ring,Red,Black,,,,UNCOMMON
1474177,2,2,2,3,3,2,Strixhaven,creature,human,Green,,,,,UNCOMMON
1474178,1,3,2,1,2,1,Kaldheim,creature,elf,Green,Black,Blue,,,RARE
1474179,3,0,1,0,1,3,Strixhaven,creature,elf,Red,,,,,MYTHIC RARE
1474180,3,2,0,3,1,1,Strixhaven,equipment,Talisman,Green,White,,,,RARE
1474181,0,3,1,1,2,0,DnD,creature,dwarf,Green,Blue,Red,,,RARE
1474182,3,0,2,0,2,0,Strixhaven,creature,zombie,Blue,Green,Black,,,UNCOMMON
1474183,0,1,1,1,2,3,Ravnica,equipment,Sword,Red,,,,,COMMON
1474184,0,3,1,1,3,1,Kamigawa,equipment,Ring,Green,White,,,,UNCOMMON
1474185,2,0,1,2,1,1,Kaldheim,equipment,Talisman,Red,Green,Blue,,,MYTHIC RARE
1474186,1,1,0,0,0,2,Innistrad,creature,boar,Blue,,,,,COMMON
1474187,2,3,1,1,0,1,DnD,creature,human,Black,Green,White,Blue,,RARE
1474188,2,0,3,1,1,2,Ravnica,equipment,Talisman,White,Black,Green,,,COMMON
1474189,1,0,1,2,2,1,Ravnica,creature,zombie,Red,White,,,,RARE
1474190,0,2,3,3,1,1,Ravnica,equipment,Bottle,Green,,,,,COMMON
1474191,2,3,3,2,0,1,Innistrad,creature,dwarf,Black,Green,Red,,,UNCOMMON
1474192,1,0,0,2,3,2,Strixhaven,creature,zombie,Red,Blue,Green,,,MYTHIC RARE
1474193,3,1,2,2,2,2,Ravnica,creature,dragon,Black,Green,Red,,,RARE
1474194,1,3,3,1,2,0,Kaldheim,creature,dwarf,Red,Blue,White,,,RARE
1474195,3,2,0,0,0,3,Strixhaven,creature,zombie,Blue,White,,,,UNCOMMON
1474196,2,3,0,2,3,1,Kaldheim,creature,zombie,Black,,,,,COMMON
1474197,3,3,3,1,0,1,Innistrad,equipment,Bottle,Blue,White,,,,MYTHIC RARE
1474198,2,2,1,2,1,2,Kamigawa,creature,human,Red,,,,,MYTHIC RARE
1474199,2,3,0,0,0,3,Strixhaven,creature,human,White,,,,,COMMON
1474200,1,2,0,2,1,2,Kamigawa,creature,zombie,White,Green,,,,MYTHIC RARE
1474201,0,1,2,3,2,0,Kamigawa,creature,human,Red,White,Green,Blue,,MYTHIC RARE
1474202,0,2,2,2,3,0,DnD,creature,human,Red,Black,Blue,,,MYTHIC RARE
1474203,3,0,0,0,3,2,Innistrad,creature,dwarf,Blue,Red,White,Green,Black,COMMON
1474204,3,2,1,3,1,0,DnD,creature,dwarf,Blue,,,,,COMMON
1474205,1,0,0,3,1,3,DnD,equipment,Sword,Green,Blue,Red,,,RARE
1474206,2,1,1,3,2,3,Kamigawa,creature,elf,Green,Blue,Red,,,UNCOMMON
1474207,1,1,2,1,0,0,Ravnica,equipment,Boots,Blue,Red,,,,COMMON
1474208,1,2,3,2,2,3,Strixhaven,equipment,Talisman,Green,Red,,,,UNCOMMON
1474209,0,2,1,3,0,0,Ravnica,equipment,Talisman,Green,Blue,Red,,,MYTHIC RARE
1474210,0,3,2,2,3,2,Strixhaven,equipment,Sword,White,,,,,MYTHIC RARE
1474211,1,0,1,3,2,3,Kamigawa,creature,boar,White,Blue,,,,RARE
1474212,0,2,2,0,2,3,DnD,creature,dwarf,Blue,Green,,,,COMMON
1474213,1,1,1,0,1,2,Ravnica,equipment,Ring,Red,Blue,White,,,RARE
1474214,1,0,2,1,1,1,Innistrad,creature,human,Red,Blue,White,,,MYTHIC RARE
1474215,0,1,1,2,3,1,Ravnica,equipment,Talisman,White,Green,,,,COMMON
1474216,0,2,0,2,3,3,Ravnica,equipment,Sword,Black,Blue,Red,,,MYTHIC RARE
1474217,1,3,0,2,1,2,Strixhaven,creature,elf,Blue,Black,Red,,,MYTHIC RARE
1474218,2,2,1,1,0,2,Kaldheim,equipment,Boots,Green,White,,,,UNCOMMON
1474219,2,2,0,2,3,3,Ravnica,equipment,Sword,Red,,,,,UNCOMMON
1474220,1,0,3,2,2,2,Kaldheim,equipment,Sword,Red,,,,,RARE
1474221,3,2,2,1,1,1,Ravnica,equipment,Ring,Green,,,,,RARE
1474222,3,2,2,1,1,1,Strixhaven,equipment,Sword,White,Blue,Green,,,MYTHIC RARE
1474223,2,0,1,3,2,2,DnD,equipment,Bottle,Green,Black,Red,,,RARE
1474224,0,0,2,2,3,2,Strixhaven,creature,human,Green,Red,Blue,,,UNCOMMON
1474225,1,3,1,3,1,3,Strixhaven,creature,dwarf,Red,White,Blue,,,COMMON
1474226,1,2,0,2,1,2,Kaldheim,creature,human,Green,,,,,MYTHIC RARE
1474227,1,3,0,1,3,2,Ravnica,creature,zombie,White,Red,Black,Blue,,UNCOMMON
1474228,3,0,1,0,0,0,Innistrad,creature,elf,Black,Green,,,,COMMON
1474229,3,0,2,2,1,0,Ravnica,equipment,Talisman,Black,,,,,UNCOMMON
1474230,1,3,1,1,3,1,Strixhaven,equipment,Talisman,Blue,Red,,,,UNCOMMON
1474231,3,3,1,0,3,3,Innistrad,equipment,Ring,Red,Green,,,,MYTHIC RARE
1474232,3,3,2,1,1,1,Ravnica,creature,boar,Blue,,,,,COMMON
1474233,3,3,0,1,1,0,Kaldheim,equipment,Ring,Green,Black,Blue,Red,,COMMON
1474234,3,2,0,2,2,3,DnD,creature,dwarf,Red,Green,White,,,RARE
1474235,0,0,3,1,3,0,Strixhaven,equipment,Ring,Green,Blue,Red,,,UNCOMMON
1474236,1,3,1,3,2,3,Strixhaven,equipment,Sword,White,,,,,COMMON
1474237,1,0,2,2,2,3,Kamigawa,equipment,Talisman,White,Green,Red,,,RARE
1474238,1,1,0,1,1,0,Kamigawa,creature,human,Black,Green,Red,,,UNCOMMON
1474239,1,3,2,1,2,2,Ravnica,creature,boar,Red,,,,,COMMON
1474240,1,0,1,2,2,1,Kaldheim,equipment,Bottle,Green,Blue,,,,MYTHIC RARE
1474241,3,0,2,2,3,2,Kaldheim,creature,boar,White,Red,,,,MYTHIC RARE
1474242,0,3,1,0,0,1,Kaldheim,equipment,Ring,Blue,Black,,,,RARE
1474243,2,1,2,2,2,3,Innistrad,equipment,Ring,Red,Blue,,,,MYTHIC RARE
1474244,3,3,1,2,0,3,Kaldheim,creature,boar,Red,White,Black,Blue,,MYTHIC RARE
1474245,3,2,2,1,1,0,Kaldheim,equipment,Sword,White,,,,,COMMON
1474246,2,1,2,1,2,2,Innistrad,equipment,Talisman,Green,Blue,Black,,,COMMON
1474247,0,3,2,0,0,2,Innistrad,equipment,Ring,Red,Blue,White,,,UNCOMMON
1474248,3,1,3,2,1,0,Strixhaven,creature,elf,Blue,Red,Black,,,COMMON
1474249,2,3,0,3,0,2,Kamigawa,creature,dragon,Red,,,,,RARE
1474250,3,3,0,1,3,1,Ravnica,equipment,Ring,Blue,Green,,,,UNCOMMON
1474251,3,2,3,2,3,3,Strixhaven,equipment,Ring,Red,Black,White,Blue,,MYTHIC RARE
1474252,0,3,0,1,0,3,Kamigawa,equipment,Bottle,Black,,,,,MYTHIC RARE
1474253,2,3,0,2,3,0,Innistrad,equipment,Bottle,Green,Blue,Red,,,UNCOMMON
1474254,2,3,1,0,2,1,Kaldheim,equipment,Talisman,White,,,,,UNCOMMON
1474255,3,1,3,2,1,1,Ravnica,creature,dwarf,Blue,Black,,,,UNCOMMON
1474256,1,1,0,3,3,1,Kaldheim,equipment,Bottle,Black,Green,Blue,,,RARE
1474257,3,3,0,2,2,2,Kamigawa,creature,elf,Black,,,,,RARE
1474258,1,1,1,1,1,3,Innistrad,creature,dragon,Green,Red,Black,,,COMMON
1474259,1,1,2,3,0,2,Innistrad,equipment,Boots,Red,Black,Green,,,RARE
1474260,0,0,1,1,1,1,Kamigawa,creature,boar,Black,Red,,,,UNCOMMON
1474261,2,3,2,1,3,2,Strixhaven,equipment,Sword,Red,,,,,COMMON
1474262,0,1,2,3,3,1,Kamigawa,equipment,Talisman,Red,Blue,,,,RARE
1474263,2,2,1,1,0,2,Strixhaven,equipment,Bottle,Green,White,Black,Red,,UNCOMMON
1474264,3,0,1,2,1,2,Kamigawa,equipment,Bottle,Red,Blue,,,,UNCOMMON
1474265,1,0,0,2,1,2,Innistrad,equipment,Bottle,White,Blue,,,,COMMON
1474266,0,1,2,0,0,2,Ravnica,creature,zombie,Red,White,Black,Green,,MYTHIC RARE
1474267,3,3,2,2,0,3,Ravnica,creature,zombie,Green,Black,,,,COMMON
1474268,1,2,3,0,1,1,Kamigawa,equipment,Bottle,Blue,,,,,MYTHIC RARE
1474269,0,3,3,0,2,0,DnD,creature,human,Black,Red,White,,,MYTHIC RARE
1474270,0,3,2,0,2,2,Innistrad,equipment,Talisman,Green,White,Blue,,,COMMON
1474271,2,3,0,2,3,1,Ravnica,equipment,Ring,Red,Blue,Green,Black,,COMMON
1474272,2,3,0,2,3,2,Ravnica,creature,dwarf,White,,,,,MYTHIC RARE
1474273,0,2,0,2,2,0,Strixhaven,equipment,Sword,Green,Red,Blue,,,UNCOMMON
1474274,2,0,1,2,2,0,Ravnica,equipment,Talisman,Green,Red,,,,COMMON
1474275,0,3,1,3,0,2,Kaldheim,equipment,Ring,Blue,Red,White,,,COMMON
1474276,3,0,3,1,3,3,Innistrad,creature,human,Red,Blue,,,,UNCOMMON
1474277,0,1,3,3,3,1,Kaldheim,creature,dwarf,Black,,,,,UNCOMMON
1474278,1,3,0,2,1,0,DnD,creature,zombie,Black,Green,Red,White,,RARE
1474279,0,3,1,1,0,3,Kamigawa,creature,human,Blue,Red,Black,,,UNCOMMON
1474280,0,1,0,0,3,3,Strixhaven,creature,boar,Red,,,,,COMMON
1474281,1,3,0,3,0,3,Kamigawa,creature,human,Blue,Red,White,,,COMMON
1474282,0,0,1,2,2,3,Ravnica,creature,dragon,White,,,,,UNCOMMON
1474283,0,1,1,2,0,0,Innistrad,creature,human,Green,Blue,Black,,,COMMON
1474284,1,2,2,0,3,3,Kaldheim,creature,boar,Black,White,Red,,,MYTHIC RARE
1474285,3,2,2,2,1,0,DnD,creature,dragon,Green,Red,Blue,White,,RARE
1474286,2,2,1,0,2,3,Innistrad,equipment,Ring,Green,Blue,White,,,UNCOMMON
1474287,2,3,1,0,1,0,Kamigawa,equipment,Bottle,Red,,,,,COMMON
1474288,1,3,1,2,0,3,DnD,creature,boar,Black,White,,,,COMMON
1474289,3,3,3,3,0,3,DnD,equipment,Boots,White,Green,Blue,,,RARE
1474290,1,1,3,0,2,3,DnD,equipment,Boots,Green,Black,,,,UNCOMMON
1474291,3,1,1,3,0,0,Kamigawa,creature,human,Green,White,,,,UNCOMMON
1474292,1,2,2,2,1,2,DnD,creature,human,Black,Red,,,,UNCOMMON
1474293,3,2,1,0,1,0,Kaldheim,creature,elf,Green,,,,,RARE
1474294,1,0,1,2,2,1,Strixhaven,equipment,Bottle,Red,,,,,UNCOMMON
1474295,2,3,3,3,3,3,Innistrad,equipment,Bottle,Red,Green,Black,Blue,,COMMON
1474296,0,1,2,2,0,0,DnD,creature,elf,Blue,Green,,,,MYTHIC RARE
1474297,0,0,1,2,0,0,Ravnica,equipment,Sword,Black,Blue,,,,COMMON
1474298,2,3,2,3,1,3,Ravnica,creature,boar,White,Black,Green,,,COMMON
1474299,3,3,2,0,1,3,Strixhaven,equipment,Boots,Green,,,,,COMMON
1474300,0,1,3,0,1,2,Kamigawa,equipment,Boots,Green,Black,White,,,MYTHIC RARE
1474301,3,1,1,0,2,1,Strixhaven,creature,dwarf,Blue,Black,Green,White,Red,COMMON
1474302,3,3,2,1,0,2,DnD,creature,dragon,White,Green,,,,UNCOMMON
1474303,2,0,0,0,3,0,DnD,equipment,Bottle,White,Green,Red,Black,,RARE
1474304,0,2,3,1,0,3,Ravnica,equipment,Boots,Black,Blue,Red,,,UNCOMMON
1474305,2,2,0,0,1,3,DnD,creature,elf,Red,Green,Black,White,,UNCOMMON
1474306,2,3,1,2,1,2,Kamigawa,creature,boar,Blue,Green,,,,RARE
1474307,1,3,2,1,2,0,Kaldheim,creature,dwarf,Red,Green,,,,COMMON
1474308,2,0,0,1,2,3,Kaldheim,creature,boar,Black,Red,,,,COMMON
1474309,3,2,1,1,3,2,Ravnica,creature,dragon,Green,Red,,,,COMMON
1474310,0,1,3,1,2,0,Kamigawa,creature,boar,Black,White,,,,COMMON
1474311,2,3,2,1,1,0,Ravnica,creature,dwarf,Red,Green,Black,,,UNCOMMON
1474312,3,0,3,0,0,2,DnD,equipment,Sword,Red,,,,,UNCOMMON
1474313,3,3,2,2,2,2,Strixhaven,equipment,Sword,Blue,White,Green,Black,,MYTHIC RARE
1474314,0,1,2,0,2,0,Strixhaven,creature,elf,Black,,,,,UNCOMMON
1474315,1,3,2,2,3,1,DnD,equipment,Talisman,Black,Red,,,,MYTHIC RARE
1474316,0,3,2,1,2,0,Strixhaven,equipment,Boots,White,Red,Blue,Green,,MYTHIC RARE
1474317,2,0,1,3,0,3,Kaldheim,creature,elf,White,,,,,UNCOMMON
1474318,2,0,3,3,3,1,Innistrad,equipment,Sword,Red,Green,,,,UNCOMMON
1474319,1,2,3,3,2,0,Innistrad,creature,dragon,Black,Green,Red,,,MYTHIC RARE
1474320,2,0,2,2,3,0,Innistrad,equipment,Boots,Blue,,,,,RARE
1474321,3,0,2,0,1,1,Kamigawa,equipment,Sword,Red,,,,,RARE
1474322,3,1,0,1,0,1,Innistrad,equipment,Ring,White,Blue,,,,MYTHIC RARE
1474323,3,3,0,0,3,1,Kamigawa,equipment,Bottle,Red,Blue,White,,,RARE
1474324,3,2,0,1,1,0,Kamigawa,creature,dragon,Green,Red,,,,COMMON
1474325,3,3,2,2,1,3,Innistrad,equipment,Talisman,Red,Blue,Black,,,RARE
1474326,2,3,0,3,1,2,Kamigawa,creature,boar,Green,Red,,,,RARE
1474327,3,2,1,2,1,1,DnD,equipment,Talisman,White,Black,Red,,,MYTHIC RARE
1474328,2,2,1,3,2,2,Innistrad,creature,boar,Black,Green,Blue,,,COMMON
1474329,0,3,0,0,3,0,Innistrad,creature,boar,Red,,,,,COMMON
1474330,0,0,1,0,2,0,Strixhaven,creature,human,Green,,,,,MYTHIC RARE
1474331,3,3,3,1,2,0,Strixhaven,creature,boar,Red,White,Green,,,RARE
1474332,1,2,3,0,0,2,Strixhaven,equipment,Ring,Red,White,,,,RARE
1474333,0,0,2,0,3,2,Ravnica,creature,human,Black,Red,White,Blue,,MYTHIC RARE
1474334,1,2,0,2,2,3,Kamigawa,creature,dwarf,Blue,Black,,,,RARE
1474335,3,2,2,3,2,0,Ravnica,creature,human,White,Green,Blue,,,COMMON
1474336,1,3,1,2,1,2,DnD,equipment,Ring,Red,White,Black,,,COMMON
1474337,3,2,1,2,3,3,Innistrad,equipment,Ring,Green,Red,Blue,Black,,COMMON
1474338,1,1,0,0,2,2,Ravnica,equipment,Sword,Red,White,,,,MYTHIC RARE
1474339,2,3,3,3,3,2,Innistrad,creature,boar,White,Red,Black,Green,,RARE
1474340,0,3,3,3,0,1,Innistrad,creature,dragon,White,Blue,,,,COMMON
1474341,3,2,3,0,2,0,Kaldheim,equipment,Ring,Green,Blue,White,,,MYTHIC RARE
1474342,3,0,1,1,0,1,Kamigawa,equipment,Talisman,Red,White,Blue,,,UNCOMMON
1474343,2,2,1,0,3,3,Kaldheim,equipment,Talisman,Red,,,,,MYTHIC RARE
1474344,3,2,2,3,1,1,Ravnica,creature,dragon,Red,Green,White,,,UNCOMMON
1474345,3,2,3,1,0,3,Strixhaven,creature,human,Red,White,,,,COMMON
1474346,2,1,1,0,1,2,Innistrad,equipment,Ring,Blue,White,,,,COMMON
1474347,2,0,1,3,3,2,DnD,equipment,Bottle,Green,Blue,,,,MYTHIC RARE
1474348,3,3,3,0,3,1,Innistrad,equipment,Boots,Red,Black,,,,MYTHIC RARE
1474349,0,1,2,0,1,3,Strixhaven,equipment,Bottle,Blue,,,,,MYTHIC RARE
1474350,3,3,0,1,0,0,Ravnica,equipment,Sword,Green,Black,Red,,,RARE
1474351,2,3,1,1,3,1,Kaldheim,creature,zombie,Black,,,,,MYTHIC RARE
1474352,0,2,2,3,0,1,Kamigawa,creature,elf,White,Blue,,,,COMMON
1474353,0,1,3,2,0,2,Strixhaven,equipment,Boots,White,Black,Green,,,UNCOMMON
1474354,0,2,3,3,2,2,Strixhaven,equipment,Boots,Blue,Green,,,,UNCOMMON
1474355,0,2,3,3,0,0,Ravnica,equipment,Boots,Black,Blue,Red,,,MYTHIC RARE
1474356,1,0,2,2,0,0,Ravnica,equipment,Ring,White,Red,,,,UNCOMMON
1474357,0,1,3,3,2,3,Kamigawa,equipment,Bottle,Black,Red,White,Green,,RARE
1474358,2,3,0,0,1,2,Kamigawa,equipment,Bottle,White,Blue,Black,,,MYTHIC RARE
1474359,1,1,3,0,1,1,Ravnica,creature,dragon,Black,Green,,,,UNCOMMON
1474360,0,3,2,3,0,1,Kaldheim,equipment,Bottle,Green,White,Black,,,RARE
1474361,0,2,1,1,2,3,Strixhaven,creature,dwarf,White,Red,,,,MYTHIC RARE
1474362,3,1,3,3,2,3,Innistrad,creature,dragon,Blue,Red,Green,,,UNCOMMON
1474363,3,3,0,1,3,2,Kaldheim,creature,dragon,Red,,,,,MYTHIC RARE
1474364,3,0,1,3,2,2,Kamigawa,creature,boar,Blue,Red,Black,,,RARE
1474365,1,2,3,3,0,2,Kaldheim,creature,elf,Red,Blue,White,Green,,COMMON
1474366,3,3,2,1,3,2,DnD,equipment,Talisman,Blue,Green,,,,RARE
1474367,3,0,1,2,0,3,Innistrad,creature,elf,Red,Green,Black,White,,UNCOMMON
1474368,2,0,3,3,2,2,Innistrad,creature,dragon,Red,,,,,UNCOMMON
1474369,1,1,3,3,0,1,Ravnica,equipment,Ring,Black,,,,,MYTHIC RARE
1474370,2,3,0,1,3,1,Kaldheim,equipment,Ring,White,,,,,MYTHIC RARE
1474371,0,1,0,3,3,2,Strixhaven,creature,dwarf,Red,Green,,,,UNCOMMON
1474372,1,2,0,3,0,0,Innistrad,equipment,Ring,Green,Black,White,,,MYTHIC RARE
1474373,1,2,1,0,1,1,Innistrad,equipment,Boots,Green,Red,Blue,White,,MYTHIC RARE
1474374,0,0,0,2,1,2,Innistrad,equipment,Sword,Blue,White,,,,MYTHIC RARE
1474375,1,1,3,1,0,1,Kamigawa,equipment,Ring,White,,,,,UNCOMMON
1474376,1,0,2,0,3,3,Ravnica,equipment,Boots,White,,,,,COMMON
1474377,2,2,1,2,3,2,Kamigawa,equipment,Ring,Green,White,,,,UNCOMMON
1474378,3,3,2,1,0,2,DnD,creature,zombie,Red,Blue,,,,UNCOMMON
1474379,3,3,1,1,1,3,DnD,equipment,Ring,Red,Black,Blue,,,UNCOMMON
1474380,3,3,2,3,0,1,Strixhaven,equipment,Boots,Red,Black,White,,,COMMON
1474381,0,1,1,3,0,0,Kaldheim,creature,dragon,Green,White,Red,,,MYTHIC RARE
1474382,0,2,1,1,2,2,Strixhaven,equipment,Boots,White,Red,,,,UNCOMMON
1474383,2,0,3,1,0,3,Kaldheim,creature,boar,Black,,,,,RARE
1474384,1,1,0,2,0,2,DnD,equipment,Talisman,Blue,Green,Black,,,RARE
1474385,1,1,1,3,2,2,Ravnica,creature,dragon,White,Blue,,,,UNCOMMON
1474386,0,1,0,3,1,0,DnD,creature,zombie,Blue,Green,Red,White,,UNCOMMON
1474387,1,3,1,1,0,3,Innistrad,creature,dwarf,Blue,,,,,MYTHIC RARE
1474388,0,0,3,2,2,2,Kaldheim,creature,dwarf,Red,,,,,COMMON
1474389,1,0,2,0,1,0,Kaldheim,creature,zombie,Blue,Black,White,,,UNCOMMON
1474390,2,3,3,3,0,1,DnD,equipment,Boots,Green,Black,Red,,,COMMON
1474391,1,1,0,1,2,3,Ravnica,equipment,Boots,Blue,Green,,,,COMMON
1474392,3,0,2,2,0,0,DnD,equipment,Boots,Green,Red,,,,COMMON
1474393,3,3,3,3,0,0,Kamigawa,creature,boar,Black,White,,,,MYTHIC RARE
1474394,1,1,3,0,2,2,Kamigawa,creature,elf,White,Green,,,,RARE
1474395,2,2,3,3,1,3,DnD,creature,dwarf,Black,,,,,COMMON
1474396,2,1,3,0,1,0,Ravnica,creature,dwarf,Blue,White,,,,COMMON
1474397,1,2,2,1,3,2,Kamigawa,creature,human,Blue,White,Green,Black,,RARE
1474398,0,1,1,0,1,2,Ravnica,creature,zombie,Black,,,,,RARE
1474399,0,0,0,3,0,1,Innistrad,equipment,Talisman,White,Red,Blue,,,MYTHIC RARE
1474400,1,0,1,2,0,2,DnD,creature,human,Red,Blue,,,,UNCOMMON
1474401,3,1,3,3,0,0,DnD,creature,human,Blue,,,,,MYTHIC RARE
1474402,0,3,2,2,3,2,Strixhaven,creature,zombie,Green,Red,Black,,,COMMON
1474403,3,3,3,3,0,0,DnD,creature,zombie,Black,,,,,MYTHIC RARE
1474404,3,0,1,0,1,2,Kamigawa,equipment,Talisman,Green,White,Blue,,,RARE
1474405,2,3,3,3,1,0,Strixhaven,equipment,Ring,Red,,,,,COMMON
1474406,2,1,1,2,0,1,Kamigawa,equipment,Boots,White,,,,,RARE
1474407,0,1,1,0,3,3,Kaldheim,creature,human,Black,Blue,Red,,,RARE
1474408,0,1,2,1,0,0,Ravnica,equipment,Bottle,Black,Green,,,,MYTHIC RARE
1474409,3,1,1,2,3,3,Ravnica,creature,elf,Red,Green,,,,UNCOMMON
1474410,2,1,2,1,1,2,Ravnica,creature,zombie,Red,Black,Green,,,MYTHIC RARE
1474411,2,0,3,1,1,0,Ravnica,equipment,Bottle,White,,,,,RARE
1474412,2,0,3,3,2,0,Innistrad,equipment,Sword,Blue,White,,,,UNCOMMON
1474413,3,1,0,3,0,0,Kamigawa,creature,human,Black,White,Blue,,,COMMON
1474414,1,0,2,2,2,1,Innistrad,equipment,Bottle,White,,,,,COMMON
1474415,1,0,3,2,0,1,Innistrad,equipment,Bottle,White,Red,,,,RARE
1474416,3,1,1,3,3,0,DnD,equipment,Talisman,Red,Green,Blue,Black,,COMMON
1474417,1,0,0,1,0,3,Kamigawa,equipment,Ring,Blue,Green,Black,,,MYTHIC RARE
1474418,3,3,1,1,1,0,Kamigawa,equipment,Bottle,Black,Green,Red,White,,COMMON
1474419,1,0,0,2,2,0,Kamigawa,equipment,Boots,Blue,Red,,,,COMMON
1474420,3,1,1,0,2,3,Kaldheim,equipment,Boots,Black,Red,,,,MYTHIC RARE
1474421,1,3,3,2,0,2,Ravnica,creature,dwarf,Green,White,,,,RARE
1474422,2,3,3,0,3,1,Strixhaven,equipment,Talisman,White,,,,,MYTHIC RARE
1474423,0,2,0,2,2,3,Kaldheim,equipment,Talisman,White,Red,,,,RARE
1474424,3,3,1,1,0,2,Kamigawa,equipment,Talisman,Blue,Red,,,,MYTHIC RARE
1474425,0,0,0,0,1,2,Innistrad,equipment,Talisman,White,Green,,,,COMMON
1474426,0,2,3,1,0,2,Ravnica,creature,elf,White,Red,,,,RARE
1474427,2,3,3,3,3,3,Kaldheim,equipment,Sword,Blue,White,,,,RARE
1474428,3,0,0,3,0,0,Ravnica,equipment,Bottle,Black,,,,,COMMON
1474429,2,3,3,1,3,3,Ravnica,creature,elf,Black,,,,,COMMON
1474430,0,3,3,3,3,3,Kamigawa,creature,dragon,Green,Red,White,,,MYTHIC RARE
1474431,2,3,1,0,3,3,Kamigawa,creature,human,Green,White,,,,MYTHIC RARE
1474432,0,1,1,2,2,1,Ravnica,creature,boar,White,Black,Red,Green,,RARE
1474433,3,2,2,1,0,1,Kaldheim,creature,zombie,Blue,,,,,COMMON
1474434,2,1,0,0,1,2,Kamigawa,creature,dragon,Red,Green,White,,,COMMON
1474435,2,3,2,0,2,3,Kamigawa,equipment,Sword,White,Red,,,,MYTHIC RARE
1474436,3,0,1,3,1,3,Kamigawa,creature,zombie,Blue,Red,Green,,,MYTHIC RARE
1474437,2,0,1,0,0,0,DnD,equipment,Sword,Black,,,,,RARE
1474438,2,3,0,0,0,0,Kamigawa,equipment,Ring,Green,Black,,,,UNCOMMON
1474439,3,1,3,0,0,3,Innistrad,creature,boar,Black,Red,,,,RARE
1474440,3,1,2,1,1,3,Kamigawa,creature,human,Blue,White,Green,,,COMMON
1474441,3,0,2,3,0,3,Ravnica,equipment,Talisman,White,Green,,,,UNCOMMON
1474442,2,2,2,1,1,2,Ravnica,creature,elf,Green,,,,,UNCOMMON
1474443,3,1,1,1,1,1,Kamigawa,equipment,Ring,Red,Blue,Black,Green,,COMMON
1474444,2,3,0,3,0,2,DnD,equipment,Ring,White,Blue,Red,Black,,RARE
1474445,1,0,2,2,0,0,Ravnica,equipment,Talisman,White,,,,,COMMON
1474446,2,2,3,1,1,0,DnD,creature,elf,Blue,White,,,,RARE
1474447,1,3,3,0,0,2,Strixhaven,creature,human,Black,White,,,,RARE
1474448,0,3,3,0,1,3,DnD,equipment,Bottle,Black,,,,,RARE
1474449,0,1,1,0,2,0,Innistrad,creature,human,White,Blue,,,,COMMON
1474450,3,0,2,3,3,0,Ravnica,creature,boar,White,,,,,RARE
1474451,3,0,2,3,1,2,Ravnica,creature,boar,Blue,White,Red,,,RARE
1474452,1,0,3,1,0,1,Kamigawa,equipment,Boots,Green,,,,,RARE
1474453,2,1,1,2,1,0,Innistrad,creature,zombie,Red,,,,,MYTHIC RARE
1474454,0,3,2,3,3,2,DnD,creature,dwarf,Red,Green,,,,UNCOMMON
1474455,1,2,1,2,2,2,Ravnica,equipment,Bottle,Black,Red,Green,,,MYTHIC RARE
1474456,1,0,3,2,2,0,Ravnica,creature,elf,Red,,,,,MYTHIC RARE
1474457,1,3,3,2,0,3,Innistrad,creature,elf,Blue,Green,,,,UNCOMMON
1474458,1,2,0,2,0,3,DnD,creature,elf,Red,Green,Black,,,RARE
1474459,3,2,3,2,0,1,Kaldheim,equipment,Sword,Red,Blue,White,Green,Black,COMMON
1474460,3,2,3,0,3,0,Ravnica,creature,boar,Red,,,,,RARE
1474461,3,2,0,1,3,0,Strixhaven,creature,dragon,Green,,,,,COMMON
1474462,2,2,0,0,2,1,Kaldheim,equipment,Boots,Green,Black,,,,UNCOMMON
1474463,1,0,2,3,1,1,Innistrad,equipment,Ring,Black,Green,Blue,,,UNCOMMON
1474464,0,2,0,2,3,3,DnD,equipment,Sword,Black,,,,,MYTHIC RARE
1474465,0,0,0,0,2,0,DnD,equipment,Sword,Black,,,,,MYTHIC RARE
1474466,3,2,3,0,3,0,Kaldheim,creature,dragon,Green,White,Blue,,,RARE
1474467,3,0,3,0,3,1,Ravnica,equipment,Ring,Black,White,,,,RARE
1474468,3,3,0,3,0,3,Kaldheim,creature,boar,Red,Blue,Green,,,MYTHIC RARE
1474469,3,3,0,1,2,3,Innistrad,equipment,Boots,Black,Blue,Green,,,MYTHIC RARE
1474470,2,3,1,1,2,0,Innistrad,equipment,Bottle,Green,Black,Red,,,MYTHIC RARE
1474471,3,0,3,3,0,3,Innistrad,equipment,Bottle,Green,Black,Blue,,,COMMON
1474472,1,0,1,3,1,1,Ravnica,creature,elf,White,,,,,RARE
1474473,1,1,1,3,3,1,Strixhaven,creature,human,White,Red,,,,COMMON
1474474,1,0,2,2,2,3,DnD,creature,dragon,Green,Red,,,,COMMON
1474475,0,0,1,2,2,1,Strixhaven,creature,dragon,Blue,Red,,,,COMMON
1474476,0,1,2,3,1,0,DnD,creature,dragon,Red,Blue,Black,Green,,COMMON
1474477,1,2,0,3,0,1,DnD,creature,dwarf,Blue,Red,,,,UNCOMMON
1474478,1,0,2,3,0,3,Ravnica,equipment,Bottle,Red,,,,,MYTHIC RARE
1474479,0,0,1,2,3,0,Kaldheim,equipment,Boots,Blue,Black,,,,MYTHIC RARE
1474480,0,2,2,2,2,0,Innistrad,creature,zombie,White,Black,Red,,,UNCOMMON
1474481,2,1,2,0,0,1,Innistrad,creature,human,Green,Blue,Black,,,MYTHIC RARE
1474482,3,0,1,0,1,0,Innistrad,equipment,Talisman,Green,Blue,White,Red,,MYTHIC RARE
1474483,0,3,3,2,3,0,Kamigawa,equipment,Ring,White,Black,Green,,,UNCOMMON
1474484,3,2,0,2,2,0,Kamigawa,creature,dwarf,Green,White,Red,,,COMMON
1474485,3,3,0,1,1,3,Innistrad,creature,elf,White,Black,,,,RARE
1474486,2,0,3,1,1,1,Innistrad,creature,elf,Blue,Green,,,,UNCOMMON
1474487,3,2,1,3,3,3,Ravnica,equipment,Sword,Black,,,,,RARE
1474488,2,1,2,1,0,3,DnD,creature,human,Blue,Green,,,,RARE
1474489,1,1,0,1,3,0,Ravnica,creature,zombie,White,Black,Blue,Green,Red,UNCOMMON
1474490,1,1,0,1,0,3,Kaldheim,equipment,Boots,Blue,,,,,UNCOMMON
1474491,3,3,2,0,0,0,DnD,equipment,Talisman,White,Green,,,,MYTHIC RARE
1474492,2,0,0,0,0,1,Kaldheim,equipment,Sword,Green,Black,White,Red,,RARE
1474493,1,1,3,2,0,2,Innistrad,creature,dragon,Black,Green,,,,MYTHIC RARE
1474494,2,0,2,2,2,3,DnD,creature,zombie,White,,,,,RARE
1474495,1,3,2,0,2,1,Kaldheim,creature,zombie,Red,,,,,COMMON
1474496,2,2,3,3,1,0,Innistrad,creature,human,Blue,,,,,UNCOMMON
1474497,1,1,3,3,1,1,Innistrad,creature,dwarf,Green,,,,,RARE
1474498,2,0,1,3,0,0,Kaldheim,equipment,Sword,Black,White,Green,Red,,RARE
1474499,2,0,3,0,3,0,Strixhaven,creature,boar,Blue,Red,Green,,,MYTHIC RARE
1474500,2,2,3,0,3,0,Strixhaven,equipment,Ring,Blue,Green,Black,,,COMMON
1474501,3,2,1,2,0,3,DnD,equipment,Boots,White,,,,,UNCOMMON
1474502,2,1,0,1,0,2,Ravnica,equipment,Bottle,Black,Blue,,,,COMMON
1474503,3,1,3,2,0,3,Kaldheim,equipment,Boots,Blue,Black,White,,,COMMON
1474504,3,2,0,2,3,3,DnD,equipment,Ring,Green,,,,,COMMON
1474505,2,0,0,1,3,3,Innistrad,equipment,Bottle,Black,White,,,,COMMON
1474506,2,3,3,3,2,2,Ravnica,equipment,Bottle,Green,White,,,,RARE
1474507,2,1,1,0,2,3,Kamigawa,creature,boar,Green,,,,,RARE
1474508,1,3,1,3,3,0,DnD,creature,human,Red,Blue,,,,UNCOMMON
1474509,3,1,3,3,0,2,Ravnica,equipment,Ring,Red,Green,White,,,MYTHIC RARE
1474510,1,1,2,0,1,1,Innistrad,equipment,Ring,White,,,,,MYTHIC RARE
1474511,0,0,3,2,1,3,Strixhaven,creature,elf,Black,Red,,,,RARE
1474512,2,1,0,3,3,2,Kaldheim,creature,human,Red,Black,,,,COMMON
1474513,0,3,2,1,0,0,Innistrad,creature,dwarf,White,,,,,UNCOMMON
1474514,2,0,3,1,0,0,Kamigawa,creature,zombie,Black,Green,Blue,Red,,MYTHIC RARE
1474515,1,3,3,2,0,2,Strixhaven,equipment,Talisman,Black,,,,,UNCOMMON
1474516,1,0,1,0,0,1,Innistrad,equipment,Boots,Black,Blue,,,,RARE
1474517,0,1,0,0,2,3,Kaldheim,equipment,Ring,Red,Blue,,,,RARE
1474518,1,2,1,0,1,3,Strixhaven,equipment,Bottle,Black,Green,,,,RARE
1474519,3,1,3,2,0,0,Innistrad,creature,boar,Green,Black,,,,MYTHIC RARE
1474520,3,1,0,0,2,2,Strixhaven,creature,elf,Blue,Black,,,,MYTHIC RARE
1474521,0,0,3,3,1,3,Innistrad,creature,boar,Blue,White,Green,Red,,UNCOMMON
1474522,2,3,2,3,3,1,Ravnica,equipment,Bottle,Green,Red,,,,RARE
1474523,1,3,1,0,3,1,Ravnica,equipment,Sword,Blue,White,Green,,,MYTHIC RARE
1474524,0,0,1,1,2,2,Kamigawa,equipment,Talisman,White,Green,Blue,,,COMMON
1474525,0,2,3,1,3,2,Kamigawa,equipment,Bottle,Red,Blue,,,,RARE
1474526,0,1,1,2,3,2,Ravnica,creature,dwarf,Blue,Red,,,,RARE
1474527,3,2,2,0,0,3,Strixhaven,creature,zombie,White,,,,,COMMON
1474528,2,3,2,0,1,3,Strixhaven,equipment,Sword,Red,Blue,Black,,,COMMON
1474529,0,0,0,3,1,0,Strixhaven,creature,elf,Blue,,,,,RARE
1474530,3,0,3,3,3,0,Kamigawa,equipment,Bottle,White,Green,,,,RARE
1474531,1,3,2,0,1,2,Innistrad,equipment,Bottle,Red,Black,Blue,Green,,UNCOMMON
1474532,2,1,0,1,3,3,Kamigawa,equipment,Talisman,Red,,,,,UNCOMMON
1474533,0,3,1,1,0,2,Innistrad,creature,dragon,Blue,White,Black,,,COMMON
1474534,0,2,3,1,0,2,Innistrad,creature,human,Black,Green,Blue,,,COMMON
1474535,0,3,2,1,2,2,Innistrad,equipment,Sword,Green,Red,,,,COMMON
1474536,1,1,1,1,1,0,Ravnica,creature,dwarf,Black,,,,,MYTHIC RARE
1474537,1,0,1,1,3,3,Ravnica,creature,elf,Black,Blue,,,,MYTHIC RARE
1474538,0,3,3,0,1,0,Ravnica,creature,dwarf,Red,,,,,MYTHIC RARE
1474539,3,2,0,0,3,3,Kamigawa,equipment,Ring,White,Green,Blue,,,RARE
1474540,1,1,3,1,0,0,Kaldheim,creature,elf,Blue,Green,Red,,,MYTHIC RARE
1474541,3,1,1,3,3,3,Innistrad,equipment,Sword,White,Red,Blue,,,RARE
1474542,1,3,0,0,3,3,Strixhaven,creature,dragon,White,Blue,,,,UNCOMMON
1474543,3,3,0,3,3,2,DnD,creature,dwarf,Red,,,,,MYTHIC RARE
1474544,3,3,2,1,2,0,Kaldheim,equipment,Bottle,Black,White,,,,UNCOMMON
1474545,1,0,0,1,0,1,DnD,equipment,Sword,Green,,,,,RARE
1474546,2,0,1,1,3,1,Ravnica,creature,dwarf,Blue,Green,,,,MYTHIC RARE
1474547,3,0,3,0,3,1,DnD,creature,human,Red,,,,,RARE
1474548,0,0,3,2,3,2,Kamigawa,creature,human,Red,,,,,RARE
1474549,0,0,2,1,2,0,Innistrad,creature,elf,White,Green,Blue,,,COMMON
1474550,2,2,0,2,1,3,Innistrad,equipment,Sword,Black,Red,White,,,RARE
1474551,3,0,3,1,0,0,Kaldheim,equipment,Talisman,Blue,Red,Green,Black,,COMMON
1474552,1,1,0,3,1,0,Strixhaven,equipment,Talisman,White,Blue,Black,Red,,UNCOMMON
1474553,2,3,1,1,3,1,Strixhaven,equipment,Sword,Red,,,,,MYTHIC RARE
1474554,3,0,3,0,0,1,Kamigawa,creature,dragon,Green,Black,,,,COMMON
1474555,1,3,3,0,1,3,Ravnica,equipment,Sword,Red,White,Black,Blue,,UNCOMMON
1474556,3,3,2,3,1,2,Kamigawa,creature,elf,White,Blue,Green,Red,,RARE
1474557,0,0,1,3,3,1,Kaldheim,creature,human,Black,Green,,,,MYTHIC RARE
1474558,0,0,2,2,1,3,Kamigawa,creature,human,Green,,,,,MYTHIC RARE
1474559,3,1,3,1,1,3,Kamigawa,creature,dwarf,White,Green,Red,,,MYTHIC RARE
1474560,1,2,1,0,3,2,Innistrad,equipment,Ring,Green,White,,,,COMMON
1474561,0,0,1,2,1,1,DnD,creature,dragon,Green,White,Blue,,,UNCOMMON
1474562,0,3,2,2,1,1,Ravnica,equipment,Talisman,Green,,,,,UNCOMMON
1474563,0,1,0,1,3,3,Ravnica,equipment,Boots,White,Black,Red,,,RARE
1474564,2,3,0,3,1,1,DnD,equipment,Sword,Green,Red,White,,,MYTHIC RARE
1474565,1,1,2,2,0,1,Kaldheim,equipment,Bottle,White,Blue,,,,COMMON
1474566,1,1,0,3,1,2,Kamigawa,creature,boar,Blue,,,,,UNCOMMON
1474567,0,1,2,0,0,3,Strixhaven,creature,boar,Black,Blue,,,,UNCOMMON
1474568,0,3,2,0,1,0,Innistrad,creature,human,Green,Blue,White,Red,,RARE
1474569,3,2,1,0,3,2,Ravnica,equipment,Sword,Green,Red,Black,Blue,,UNCOMMON
1474570,2,2,1,0,3,3,Innistrad,creature,human,Black,Red,White,,,COMMON
1474571,0,0,3,0,0,0,DnD,equipment,Bottle,Blue,Green,Red,,,UNCOMMON
1474572,1,3,0,2,3,2,Kaldheim,equipment,Boots,White,,,,,UNCOMMON
1474573,0,2,2,0,0,3,DnD,creature,zombie,Blue,Black,,,,COMMON
1474574,2,2,0,1,0,3,Kamigawa,creature,dwarf,White,,,,,RARE
1474575,2,3,3,0,0,3,Kamigawa,equipment,Ring,White,Red,Green,,,UNCOMMON
1474576,2,3,2,3,2,3,Kamigawa,equipment,Boots,Black,Red,Blue,,,UNCOMMON
1474577,2,0,3,3,2,0,Ravnica,equipment,Sword,Green,Red,,,,MYTHIC RARE
1474578,1,2,0,1,3,0,Ravnica,creature,dragon,Black,Blue,,,,UNCOMMON
1474579,3,2,1,3,2,0,Ravnica,equipment,Bottle,Green,Blue,,,,UNCOMMON
1474580,3,2,1,0,0,0,DnD,equipment,Bottle,Blue,Black,,,,UNCOMMON
1474581,0,1,1,1,0,0,Kaldheim,creature,elf,White,,,,,MYTHIC RARE
1474582,3,3,0,1,2,1,Innistrad,creature,elf,Green,,,,,MYTHIC RARE
1474583,0,3,0,0,3,3,Kaldheim,equipment,Sword,Green,,,,,COMMON
1474584,1,2,1,2,3,3,Kamigawa,equipment,Bottle,Black,Red,Blue,,,COMMON
1474585,0,2,2,3,0,2,Innistrad,equipment,Boots,Red,Blue,,,,RARE
1474586,0,2,2,0,0,1,Strixhaven,equipment,Bottle,Black,Red,,,,MYTHIC RARE
1474587,0,3,2,1,2,2,Strixhaven,creature,boar,Black,Blue,White,,,COMMON
1474588,1,0,3,2,0,0,Strixhaven,creature,dragon,Green,Blue,,,,RARE
1474589,3,3,2,2,0,0,Strixhaven,equipment,Bottle,Black,Green,Blue,,,RARE
1474590,2,3,3,3,2,0,Kaldheim,creature,human,Black,,,,,COMMON
1474591,0,3,1,0,2,1,Kamigawa,creature,human,Red,,,,,UNCOMMON
1474592,0,0,2,2,0,2,Kaldheim,equipment,Sword,Red,Black,Blue,,,COMMON
1474593,2,3,3,1,0,0,Kamigawa,equipment,Boots,White,,,,,COMMON
1474594,2,1,0,2,1,1,Kamigawa,equipment,Talisman,Red,White,Green,,,RARE
1474595,3,2,1,0,1,3,Kamigawa,creature,elf,Red,Black,Green,,,COMMON
1474596,0,1,2,0,1,0,DnD,creature,dragon,Red,Black,Blue,,,RARE
1474597,1,0,3,0,1,3,Strixhaven,equipment,Talisman,Red,White,Green,,,UNCOMMON
1474598,3,3,2,1,0,0,Ravnica,creature,human,Blue,Red,,,,MYTHIC RARE
1474599,1,2,2,2,0,1,Ravnica,equipment,Boots,Black,Blue,,,,MYTHIC RARE
1474600,3,1,3,2,2,2,Innistrad,equipment,Bottle,White,Blue,,,,COMMON
1474601,0,1,2,2,3,3,Innistrad,creature,zombie,White,,,,,RARE
1474602,2,1,0,3,0,0,Ravnica,creature,dwarf,Green,,,,,MYTHIC RARE
1474603,3,2,1,0,2,1,Strixhaven,equipment,Boots,White,Red,,,,MYTHIC RARE
1474604,0,0,2,2,0,0,Strixhaven,equipment,Boots,Black,White,Blue,Green,Red,COMMON
1474605,2,3,3,0,1,2,Strixhaven,creature,dragon,White,Green,Red,Blue,,UNCOMMON
1474606,2,3,2,3,1,1,Innistrad,equipment,Bottle,Black,,,,,RARE
1474607,2,3,1,0,0,0,Kaldheim,equipment,Sword,White,Blue,Green,Black,Red,MYTHIC RARE
1474608,0,3,2,3,3,1,Ravnica,creature,zombie,White,Black,Blue,Green,,RARE
1474609,0,1,0,3,3,2,DnD,creature,dragon,White,Green,Red,,,COMMON
1474610,0,0,0,2,0,3,Kamigawa,equipment,Bottle,Black,White,,,,MYTHIC RARE
1474611,2,1,1,2,1,2,DnD,equipment,Bottle,White,Green,Black,,,RARE
1474612,2,0,0,2,0,1,Ravnica,creature,human,Green,Red,,,,RARE
1474613,3,1,1,2,2,2,Kamigawa,equipment,Ring,Blue,Green,Black,,,UNCOMMON
1474614,2,1,0,1,0,1,Innistrad,creature,zombie,Red,,,,,UNCOMMON
1474615,0,2,3,0,2,3,Kamigawa,equipment,Boots,Green,,,,,COMMON
1474616,0,0,2,2,3,2,Innistrad,equipment,Bottle,Green,,,,,UNCOMMON
1474617,1,0,3,1,3,3,DnD,equipment,Bottle,White,Red,,,,COMMON
1474618,0,2,3,2,0,1,Innistrad,equipment,Ring,Blue,White,,,,COMMON
1474619,3,2,1,0,1,3,Ravnica,creature,zombie,Red,,,,,RARE
1474620,0,0,0,0,2,1,DnD,equipment,Talisman,Green,Black,,,,RARE
1474621,1,2,2,1,2,3,Kamigawa,equipment,Sword,White,Green,,,,RARE
1474622,2,0,0,1,1,2,Kamigawa,equipment,Talisman,White,Black,Red,Green,,UNCOMMON
1474623,1,1,2,1,1,3,Strixhaven,creature,human,Red,,,,,COMMON
1474624,3,1,0,1,0,3,Innistrad,creature,zombie,Black,Red,Blue,Green,,UNCOMMON
1474625,0,3,0,2,3,1,Innistrad,equipment,Talisman,Green,Blue,Black,,,RARE
1474626,3,1,3,0,0,0,DnD,equipment,Boots,Red,White,Blue,,,COMMON
1474627,2,1,0,2,1,0,Strixhaven,creature,dragon,White,Black,Blue,,,RARE
1474628,3,1,0,2,3,1,Kamigawa,equipment,Sword,Red,Green,White,,,RARE
1474629,3,2,1,2,0,3,Kaldheim,creature,dwarf,Green,Red,,,,MYTHIC RARE
1474630,2,3,0,3,3,2,Kamigawa,equipment,Talisman,Blue,,,,,UNCOMMON
1474631,3,0,1,1,1,0,Innistrad,creature,boar,White,,,,,MYTHIC RARE
1474632,2,0,1,1,3,0,Strixhaven,equipment,Boots,White,Green,,,,UNCOMMON
1474633,2,2,3,0,3,3,Innistrad,equipment,Talisman,Black,Red,Blue,White,,RARE
1474634,2,0,1,2,0,0,Kaldheim,equipment,Talisman,Black,Green,,,,RARE
1474635,1,3,1,3,2,0,DnD,equipment,Boots,Green,,,,,UNCOMMON
1474636,0,1,1,2,3,2,Kamigawa,creature,boar,Red,Black,White,Green,,UNCOMMON
1474637,3,0,3,3,0,3,Innistrad,creature,dragon,Blue,Black,,,,UNCOMMON
1474638,2,3,2,1,1,2,DnD,equipment,Bottle,White,Blue,Black,,,UNCOMMON
1474639,2,0,1,1,0,3,Ravnica,equipment,Boots,Green,White,,,,COMMON
1474640,1,2,0,0,1,3,Strixhaven,equipment,Talisman,White,,,,,UNCOMMON
1474641,2,2,0,3,1,0,Ravnica,equipment,Ring,Red,White,,,,RARE
1474642,3,2,3,1,1,1,DnD,creature,boar,Black,Red,Green,White,,UNCOMMON
1474643,1,3,1,2,3,2,Strixhaven,equipment,Talisman,Green,Blue,Black,,,COMMON
1474644,1,1,3,2,3,2,Strixhaven,creature,zombie,Green,Red,Black,White,,UNCOMMON
1474645,1,2,3,3,0,3,Kaldheim,equipment,Talisman,White,,,,,MYTHIC RARE
1474646,2,2,3,0,1,1,Kaldheim,creature,elf,Green,Red,,,,UNCOMMON
1474647,0,0,3,2,1,3,Ravnica,equipment,Sword,Red,,,,,UNCOMMON
1474648,2,0,3,1,1,2,Kamigawa,equipment,Boots,Blue,White,,,,UNCOMMON
1474649,2,1,0,2,3,0,Ravnica,equipment,Bottle,Black,White,,,,MYTHIC RARE
1474650,2,0,0,2,3,0,Innistrad,creature,human,Blue,,,,,UNCOMMON
1474651,2,3,2,0,3,3,Kaldheim,creature,zombie,Green,,,,,RARE
1474652,0,3,1,0,0,0,Kamigawa,equipment,Boots,White,,,,,COMMON
1474653,0,2,2,2,2,0,Strixhaven,equipment,Ring,White,Black,,,,COMMON
1474654,0,0,3,0,1,1,Innistrad,creature,dwarf,Green,Blue,,,,MYTHIC RARE
1474655,2,2,0,0,3,0,Kamigawa,equipment,Boots,Green,White,,,,COMMON
1474656,3,3,3,2,3,0,Strixhaven,creature,human,White,Blue,Red,,,COMMON
1474657,2,1,2,0,1,0,Kaldheim,creature,boar,Green,,,,,RARE
1474658,1,1,2,2,1,2,DnD,equipment,Sword,Blue,White,,,,UNCOMMON
1474659,0,2,0,0,2,1,Strixhaven,creature,dwarf,White,Green,,,,COMMON
1474660,3,1,1,1,1,2,Strixhaven,creature,zombie,Green,Black,White,,,RARE
1474661,1,1,2,2,2,1,Kamigawa,equipment,Boots,Red,White,Black,Green,,RARE
1474662,0,1,0,0,1,0,Innistrad,equipment,Ring,Green,Blue,Red,,,COMMON
1474663,0,2,1,1,0,0,Kaldheim,equipment,Bottle,Blue,Black,Green,,,RARE
1474664,1,3,3,3,1,3,DnD,creature,human,Black,White,,,,RARE
1474665,0,2,2,1,3,1,Ravnica,creature,elf,Red,Black,Blue,,,RARE
1474666,3,2,0,1,1,2,Kamigawa,equipment,Ring,White,Green,Red,Blue,,MYTHIC RARE
1474667,2,2,2,0,0,2,Kaldheim,equipment,Talisman,Black,White,,,,RARE
1474668,3,1,2,0,1,2,Kamigawa,equipment,Talisman,Blue,,,,,MYTHIC RARE
1474669,1,1,2,0,0,1,Strixhaven,creature,zombie,Black,Green,,,,COMMON
1474670,3,2,1,0,2,1,Kaldheim,creature,dragon,White,Red,,,,RARE
1474671,0,3,2,2,0,1,Ravnica,equipment,Bottle,Green,Black,Red,,,RARE
1474672,2,3,0,2,2,3,Kaldheim,equipment,Sword,Green,White,Blue,Black,,UNCOMMON
1474673,0,2,1,0,0,3,DnD,equipment,Sword,Blue,Red,,,,MYTHIC RARE
1474674,2,0,3,2,0,3,DnD,creature,boar,White,Blue,Red,,,UNCOMMON
1474675,2,1,1,2,0,3,DnD,creature,dragon,Blue,,,,,RARE
1474676,1,0,3,3,2,1,DnD,equipment,Boots,White,,,,,COMMON
1474677,2,3,3,0,2,2,Innistrad,creature,human,Black,White,Red,,,MYTHIC RARE
1474678,2,2,3,3,0,1,DnD,creature,zombie,Red,,,,,MYTHIC RARE
1474679,0,1,1,1,3,1,Kaldheim,creature,elf,Blue,Black,White,Red,,UNCOMMON
1474680,2,3,1,0,2,2,Kamigawa,creature,zombie,Red,Blue,,,,COMMON
1474681,2,0,1,1,2,1,Strixhaven,equipment,Boots,White,Black,,,,RARE
1474682,0,2,2,0,2,1,DnD,equipment,Sword,White,Red,Green,,,UNCOMMON
1474683,0,1,3,1,3,0,Innistrad,creature,dwarf,White,Black,Green,,,MYTHIC RARE
1474684,0,1,3,2,3,1,Kamigawa,creature,dragon,Black,Green,White,Red,,MYTHIC RARE
1474685,3,0,0,1,3,1,Innistrad,equipment,Ring,White,,,,,RARE
1474686,3,3,2,1,2,2,Kaldheim,creature,boar,White,Green,,,,COMMON
1474687,1,3,1,3,2,2,DnD,creature,human,Green,Blue,Red,,,MYTHIC RARE
1474688,2,0,3,1,2,0,DnD,equipment,Bottle,Blue,Black,,,,MYTHIC RARE
1474689,1,0,3,3,3,0,Kamigawa,creature,dwarf,Green,Red,,,,COMMON
1474690,2,3,2,2,0,2,Kaldheim,creature,zombie,Red,White,Blue,,,COMMON
1474691,1,2,0,0,2,3,Kamigawa,equipment,Sword,White,Blue,Black,,,RARE
1474692,2,0,0,2,1,0,DnD,equipment,Bottle,Blue,,,,,RARE
1474693,1,3,0,0,1,2,Kamigawa,equipment,Sword,Green,White,,,,COMMON
1474694,2,0,1,1,3,1,Ravnica,creature,boar,Green,Blue,,,,RARE
1474695,1,0,3,2,3,1,DnD,creature,human,Red,Green,,,,RARE
1474696,1,0,3,0,3,3,Kamigawa,creature,elf,Green,Blue,,,,MYTHIC RARE
1474697,1,0,1,1,2,0,Strixhaven,creature,dwarf,Red,Black,Green,,,MYTHIC RARE
1474698,3,1,1,3,1,0,DnD,creature,dragon,Red,Blue,,,,COMMON
1474699,3,3,3,3,0,2,Kamigawa,equipment,Ring,Red,Green,,,,UNCOMMON
1474700,3,0,0,0,1,2,Ravnica,equipment,Bottle,Green,White,,,,COMMON
1474701,2,1,2,3,1,1,DnD,creature,dwarf,White,Blue,,,,MYTHIC RARE
1474702,2,0,0,1,2,3,Kamigawa,creature,dwarf,White,Red,Black,Blue,,MYTHIC RARE
1474703,0,1,2,1,3,1,Kamigawa,creature,elf,Green,,,,,COMMON
1474704,3,1,0,1,2,2,Innistrad,creature,boar,Black,Red,Blue,Green,,COMMON
1474705,0,2,2,1,3,0,Ravnica,creature,zombie,White,Blue,Black,Green,,MYTHIC RARE
1474706,2,1,1,1,2,0,Innistrad,creature,dwarf,White,Red,Blue,Green,,RARE
1474707,1,1,3,2,1,2,Strixhaven,equipment,Talisman,Blue,Black,Green,,,COMMON
1474708,3,3,1,2,3,3,Innistrad,creature,boar,Green,Black,,,,MYTHIC RARE
1474709,1,2,0,0,2,3,Innistrad,creature,human,Black,Red,,,,UNCOMMON
1474710,2,0,3,3,2,3,Kaldheim,creature,dwarf,Green,,,,,COMMON
1474711,1,3,0,1,3,1,Strixhaven,creature,zombie,Blue,White,,,,MYTHIC RARE
1474712,2,1,2,1,3,2,Strixhaven,equipment,Sword,Black,Green,,,,MYTHIC RARE
1474713,1,2,1,1,2,0,Strixhaven,creature,dragon,Black,Green,,,,UNCOMMON
1474714,0,3,2,1,3,0,Kaldheim,creature,human,Black,White,,,,UNCOMMON
1474715,3,2,0,1,0,1,Strixhaven,creature,zombie,Blue,White,,,,COMMON
1474716,1,2,0,0,1,0,Ravnica,equipment,Bottle,Blue,Black,Red,,,RARE
1474717,0,1,1,3,0,2,Ravnica,equipment,Sword,Black,Blue,,,,UNCOMMON
1474718,2,1,2,0,0,1,Strixhaven,equipment,Boots,Red,,,,,RARE
1474719,2,0,0,0,2,0,Strixhaven,creature,elf,Red,Blue,,,,MYTHIC RARE
1474720,0,3,3,1,3,2,Kamigawa,creature,dragon,Black,Red,Blue,,,MYTHIC RARE
1474721,2,3,1,2,1,2,Strixhaven,creature,boar,Green,White,,,,UNCOMMON
1474722,1,3,0,0,2,1,Kamigawa,creature,human,Black,Blue,White,,,RARE
1474723,3,2,2,0,3,3,Kaldheim,creature,dwarf,Green,,,,,UNCOMMON
1474724,1,0,3,3,1,1,DnD,creature,zombie,Red,Green,,,,RARE
1474725,1,2,3,3,0,0,Strixhaven,equipment,Ring,Black,Red,,,,MYTHIC RARE
1474726,2,3,3,1,0,3,Innistrad,creature,boar,Blue,Black,,,,RARE
1474727,2,3,3,3,3,0,DnD,equipment,Talisman,Black,Red,White,,,MYTHIC RARE
1474728,0,0,0,1,0,3,Kaldheim,equipment,Boots,Red,,,,,COMMON
1474729,0,1,2,0,0,2,Kamigawa,equipment,Boots,Red,Green,,,,RARE
1474730,3,2,0,1,2,3,Kamigawa,creature,dwarf,Green,Blue,,,,COMMON
1474731,3,1,1,1,2,2,Kamigawa,creature,zombie,Green,Blue,,,,MYTHIC RARE
1474732,3,0,1,3,1,2,Innistrad,creature,elf,White,,,,,COMMON
1474733,3,2,2,1,1,1,Kaldheim,creature,dwarf,Black,Green,White,,,UNCOMMON
1474734,0,1,2,0,2,1,Kamigawa,equipment,Sword,White,Green,Black,Red,,UNCOMMON
1474735,1,3,2,0,1,1,Innistrad,creature,elf,Green,White,Red,,,RARE
1474736,1,0,0,0,2,0,Kaldheim,equipment,Boots,White,Green,Blue,,,COMMON
1474737,0,1,3,1,1,1,Innistrad,creature,dragon,Green,Black,,,,MYTHIC RARE
1474738,0,3,0,0,2,2,Ravnica,equipment,Ring,Black,White,Red,Green,Blue,RARE
1474739,3,2,2,0,1,2,DnD,creature,human,Blue,Green,Red,,,MYTHIC RARE
1474740,2,3,3,0,0,3,DnD,equipment,Sword,White,Green,Red,,,COMMON
1474741,2,2,3,3,0,1,Strixhaven,creature,dwarf,Green,,,,,RARE
1474742,1,1,1,2,3,3,Innistrad,equipment,Sword,Blue,,,,,RARE
1474743,2,0,2,3,0,0,DnD,equipment,Ring,Blue,,,,,COMMON
1474744,3,3,1,2,1,2,DnD,equipment,Boots,White,Red,Green,,,MYTHIC RARE
1474745,3,2,2,3,3,0,Innistrad,equipment,Ring,White,Blue,Black,,,UNCOMMON
1474746,3,3,3,0,3,0,Ravnica,creature,boar,Black,,,,,MYTHIC RARE
1474747,0,3,1,2,2,2,Kamigawa,creature,dwarf,Blue,,,,,MYTHIC RARE
1474748,0,2,0,0,1,2,DnD,equipment,Ring,White,Black,,,,RARE
1474749,3,3,3,1,0,3,Innistrad,creature,dragon,Green,Red,,,,MYTHIC RARE
1474750,1,0,0,0,0,1,Kamigawa,creature,dwarf,Green,,,,,UNCOMMON
1474751,1,2,0,1,2,2,Strixhaven,equipment,Boots,Blue,White,Black,,,RARE
1474752,1,3,3,0,0,2,Strixhaven,creature,dragon,Green,,,,,UNCOMMON
1474753,1,3,0,1,1,1,Kaldheim,equipment,Sword,Black,Red,Blue,,,RARE
1474754,1,3,3,1,1,1,Strixhaven,equipment,Bottle,White,Blue,,,,COMMON
1474755,1,3,0,3,1,0,Strixhaven,equipment,Sword,Blue,Black,,,,MYTHIC RARE
1474756,1,0,2,1,2,2,Ravnica,equipment,Ring,Red,,,,,UNCOMMON
1474757,0,1,2,3,3,3,Strixhaven,equipment,Bottle,Red,,,,,COMMON
1474758,2,3,0,2,3,2,Strixhaven,creature,human,Green,,,,,MYTHIC RARE
1474759,1,3,2,3,0,1,Kamigawa,equipment,Ring,Red,Blue,White,,,UNCOMMON
1474760,3,1,2,0,0,3,Innistrad,creature,dwarf,Green,Blue,Red,Black,,UNCOMMON
1474761,0,1,1,3,1,3,Ravnica,creature,dragon,White,Blue,Black,,,RARE
1474762,1,2,3,0,2,3,Ravnica,equipment,Sword,Black,Red,,,,COMMON
1474763,3,2,0,1,2,3,Strixhaven,creature,boar,Blue,White,Green,Black,,UNCOMMON
1474764,3,2,1,2,1,1,Ravnica,equipment,Bottle,Red,,,,,RARE
1474765,2,3,1,2,0,0,Innistrad,creature,human,Red,Blue,,,,MYTHIC RARE
1474766,2,3,2,0,3,2,DnD,creature,dwarf,Black,White,Green,,,RARE
1474767,1,1,2,3,3,2,Kamigawa,creature,boar,Black,,,,,UNCOMMON
1474768,2,0,0,1,0,3,DnD,creature,dwarf,Green,Red,White,,,MYTHIC RARE
1474769,1,2,1,3,0,1,Innistrad,equipment,Talisman,Blue,Red,,,,COMMON
1474770,3,0,3,1,0,1,DnD,creature,zombie,Blue,,,,,RARE
1474771,2,0,3,0,2,0,Kamigawa,equipment,Bottle,White,,,,,UNCOMMON
1474772,0,2,0,0,0,3,DnD,creature,zombie,Green,,,,,RARE
1474773,1,3,3,3,3,1,DnD,equipment,Bottle,Red,Blue,White,Green,,UNCOMMON
1474774,0,2,0,3,3,3,Strixhaven,equipment,Bottle,Black,Green,Blue,,,MYTHIC RARE
1474775,0,2,1,0,3,2,Kamigawa,creature,elf,White,Black,Green,,,COMMON
1474776,2,0,0,2,2,2,Innistrad,equipment,Bottle,Red,Blue,Green,,,MYTHIC RARE
1474777,0,2,0,1,2,0,Kaldheim,equipment,Ring,Green,,,,,UNCOMMON
1474778,2,2,2,2,0,1,Kamigawa,equipment,Sword,Green,Black,Blue,White,,UNCOMMON
1474779,1,3,2,3,1,2,Strixhaven,equipment,Ring,White,Red,,,,COMMON
1474780,3,1,0,3,0,1,Ravnica,creature,dwarf,Blue,,,,,UNCOMMON
1474781,1,3,1,1,1,2,Ravnica,equipment,Sword,Red,Blue,,,,COMMON
1474782,2,3,1,3,1,2,Kamigawa,equipment,Bottle,White,Green,Red,,,MYTHIC RARE
1474783,2,0,0,1,2,0,Innistrad,creature,dragon,Green,Blue,White,,,COMMON
1474784,1,0,2,2,3,0,Kamigawa,creature,dwarf,Black,Red,White,,,RARE
1474785,2,3,0,1,1,1,Ravnica,equipment,Talisman,Blue,,,,,COMMON
1474786,0,0,3,2,3,1,Strixhaven,equipment,Sword,White,Black,Red,,,COMMON
1474787,3,0,0,1,3,1,Strixhaven,creature,boar,Red,Black,White,Blue,,COMMON
1474788,1,0,3,0,2,1,Innistrad,creature,boar,White,Blue,,,,UNCOMMON
1474789,2,3,3,3,3,0,Innistrad,equipment,Ring,Green,Red,Black,,,MYTHIC RARE
1474790,0,3,2,0,2,0,Strixhaven,creature,dragon,Red,,,,,MYTHIC RARE
1474791,0,3,2,3,3,3,Strixhaven,creature,zombie,Black,Red,,,,RARE
1474792,0,3,1,3,0,2,DnD,creature,zombie,Green,,,,,COMMON
1474793,3,0,1,2,0,0,Kaldheim,equipment,Sword,Blue,White,Green,Black,,RARE
1474794,3,3,2,0,1,2,Strixhaven,creature,elf,Blue,,,,,COMMON
1474795,2,0,0,1,2,0,Strixhaven,equipment,Bottle,White,Black,,,,MYTHIC RARE
1474796,3,3,1,2,0,2,Strixhaven,equipment,Bottle,Red,Green,Blue,,,UNCOMMON
1474797,0,0,1,3,2,0,Kaldheim,creature,dragon,Black,Red,Green,Blue,,COMMON
1474798,0,0,2,1,1,0,Strixhaven,equipment,Bottle,Black,Green,,,,UNCOMMON
1474799,1,1,1,1,3,3,Ravnica,equipment,Bottle,Green,White,,,,MYTHIC RARE
1474800,0,0,0,2,2,2,Kaldheim,creature,dragon,Red,White,Blue,Green,,RARE
1474801,0,1,1,3,1,2,Innistrad,creature,human,Green,Red,,,,COMMON
1474802,1,0,2,0,2,2,Strixhaven,creature,dwarf,Red,,,,,UNCOMMON
1474803,3,3,1,1,1,0,Innistrad,creature,dragon,Red,,,,,RARE
1474804,1,2,1,1,0,2,DnD,creature,human,Green,White,,,,COMMON
1474805,1,2,1,0,1,2,Innistrad,creature,dragon,Red,Blue,Black,White,,UNCOMMON
1474806,0,1,3,1,2,2,Strixhaven,creature,human,Green,Red,Black,,,UNCOMMON
1474807,1,2,0,0,0,0,DnD,creature,zombie,Green,Blue,Red,,,MYTHIC RARE
1474808,0,3,1,0,2,2,DnD,equipment,Bottle,Blue,,,,,COMMON
1474809,3,1,3,1,2,3,DnD,creature,dragon,Black,Red,Blue,Green,,COMMON
1474810,2,2,2,0,2,1,Kaldheim,creature,zombie,Red,Green,White,,,UNCOMMON
1474811,1,3,1,0,3,1,Kaldheim,creature,boar,Green,Red,Blue,,,COMMON
1474812,2,3,3,1,1,3,Strixhaven,creature,dragon,Blue,White,Black,Green,,COMMON
1474813,2,3,1,0,2,1,Kamigawa,creature,dragon,Blue,Red,,,,COMMON
1474814,2,1,0,0,1,0,Ravnica,equipment,Ring,Blue,,,,,UNCOMMON
1474815,1,1,0,3,0,3,Kamigawa,equipment,Ring,Blue,Green,Black,Red,,UNCOMMON
1474816,2,1,3,3,2,1,DnD,equipment,Ring,Green,Red,,,,MYTHIC RARE
1474817,0,1,1,2,3,2,Kamigawa,creature,elf,Black,,,,,RARE
1474818,1,0,1,2,3,3,DnD,equipment,Boots,Green,White,,,,MYTHIC RARE
1474819,0,1,3,1,3,3,DnD,creature,zombie,White,Blue,,,,COMMON
1474820,0,1,0,3,2,3,Innistrad,equipment,Boots,Blue,,,,,MYTHIC RARE
1474821,3,0,0,0,3,1,Kamigawa,equipment,Ring,Red,,,,,COMMON
1474822,3,3,2,0,2,2,Kaldheim,creature,boar,Green,,,,,UNCOMMON
1474823,1,3,2,1,2,0,Kaldheim,creature,boar,Black,Blue,,,,MYTHIC RARE
1474824,1,1,3,3,2,3,Strixhaven,equipment,Sword,Green,White,Blue,,,COMMON
1474825,2,0,1,2,1,1,Ravnica,creature,zombie,Black,Red,Blue,,,UNCOMMON
1474826,0,0,3,1,2,0,Kaldheim,creature,dwarf,Blue,Green,Red,,,UNCOMMON
1474827,2,2,3,0,0,3,Kamigawa,creature,human,Black,,,,,RARE
1474828,0,1,3,1,2,3,Kamigawa,creature,dragon,Black,Green,Red,White,,COMMON
1474829,3,3,0,0,2,3,Ravnica,creature,zombie,Blue,Black,,,,COMMON
1474830,3,3,2,1,3,2,DnD,equipment,Bottle,Red,Blue,Black,,,UNCOMMON
1474831,1,0,0,2,3,1,Kamigawa,equipment,Boots,Black,,,,,RARE
1474832,0,3,3,3,1,2,Kamigawa,equipment,Boots,Green,,,,,COMMON
1474833,2,0,1,0,2,2,Innistrad,equipment,Boots,Black,,,,,UNCOMMON
1474834,1,0,2,0,3,0,Kaldheim,creature,dragon,Blue,Red,White,Black,,UNCOMMON
1474835,1,3,2,1,3,0,Strixhaven,equipment,Talisman,White,Black,Blue,Red,Green,COMMON
1474836,1,3,3,2,2,0,Ravnica,creature,boar,Black,Green,,,,UNCOMMON
1474837,0,1,0,1,0,1,Strixhaven,equipment,Bottle,Blue,Black,Green,,,MYTHIC RARE
1474838,2,1,0,0,3,0,Innistrad,equipment,Talisman,Blue,Black,White,,,RARE
1474839,2,0,0,3,0,3,Innistrad,equipment,Talisman,White,Blue,Black,Green,,UNCOMMON
1474840,2,3,2,1,0,2,Kamigawa,equipment,Boots,Blue,White,,,,UNCOMMON
1474841,2,0,1,1,1,0,Kamigawa,equipment,Bottle,Red,White,Blue,,,UNCOMMON
1474842,0,3,0,2,3,3,DnD,creature,human,White,Black,Red,,,UNCOMMON
1474843,0,0,1,2,1,0,Strixhaven,equipment,Boots,Green,Red,White,Black,,UNCOMMON
1474844,2,1,1,3,3,1,Innistrad,creature,zombie,Blue,Green,Black,White,Red,UNCOMMON
1474845,0,1,2,0,0,1,Innistrad,equipment,Boots,Blue,White,,,,UNCOMMON
1474846,2,2,2,3,1,2,Ravnica,equipment,Boots,Red,Blue,Green,,,RARE
1474847,3,1,0,3,1,0,Kamigawa,creature,elf,Blue,Black,Green,Red,,UNCOMMON
1474848,0,0,1,2,2,1,Innistrad,equipment,Ring,Black,Red,Blue,,,COMMON
1474849,2,0,0,2,2,1,Kaldheim,equipment,Bottle,Red,Blue,,,,UNCOMMON
1474850,2,0,1,3,0,1,Innistrad,creature,dragon,White,Green,,,,MYTHIC RARE
1474851,3,2,3,1,0,3,Kamigawa,equipment,Talisman,Blue,,,,,MYTHIC RARE
1474852,2,2,2,3,1,0,DnD,equipment,Sword,Blue,,,,,UNCOMMON
1474853,2,0,2,2,2,2,Innistrad,equipment,Boots,Red,Green,Blue,,,MYTHIC RARE
1474854,1,3,2,1,0,1,Innistrad,equipment,Sword,White,,,,,RARE
1474855,3,2,2,3,3,1,Kaldheim,creature,zombie,Red,Blue,Green,,,RARE
1474856,1,1,2,3,3,1,Ravnica,equipment,Boots,White,Red,Black,,,RARE
1474857,3,0,3,3,1,0,DnD,equipment,Boots,Green,Blue,,,,COMMON
1474858,2,0,2,2,2,0,Kamigawa,equipment,Sword,Green,Red,Black,,,RARE
1474859,0,2,1,2,0,2,Innistrad,creature,human,Blue,Black,Red,,,MYTHIC RARE
1474860,0,3,1,1,0,2,Kamigawa,creature,human,White,,,,,UNCOMMON
1474861,3,2,1,2,1,1,Innistrad,equipment,Talisman,Red,,,,,COMMON
1474862,2,2,1,0,1,3,Kamigawa,equipment,Sword,Blue,,,,,COMMON
1474863,1,0,2,0,0,0,Kamigawa,equipment,Talisman,Red,Blue,,,,COMMON
1474864,1,0,0,0,1,2,Ravnica,creature,zombie,Red,,,,,MYTHIC RARE
1474865,0,1,2,0,0,1,DnD,creature,dragon,Red,White,Black,,,RARE
1474866,0,1,0,1,0,3,Ravnica,creature,boar,Green,Red,Black,,,RARE
1474867,0,2,3,2,0,2,Strixhaven,creature,elf,Blue,Red,Green,Black,,RARE
1474868,3,1,2,0,2,2,Strixhaven,equipment,Sword,Black,Red,,,,MYTHIC RARE
1474869,1,1,2,3,0,1,Ravnica,equipment,Sword,Blue,,,,,UNCOMMON
1474870,2,1,2,0,1,0,DnD,creature,boar,Green,Black,White,,,MYTHIC RARE
1474871,1,0,1,1,3,1,Innistrad,creature,dragon,Green,Red,Blue,,,MYTHIC RARE
1474872,0,1,1,3,0,1,DnD,creature,dragon,White,Blue,Black,Red,,RARE
1474873,1,3,0,3,2,2,Ravnica,creature,boar,Red,Black,,,,UNCOMMON
1474874,2,1,2,0,1,1,Kaldheim,equipment,Bottle,Black,White,,,,UNCOMMON
1474875,1,2,1,3,0,2,Ravnica,creature,elf,Red,Black,,,,COMMON
1474876,0,1,1,1,2,1,Ravnica,equipment,Sword,Blue,Green,Black,Red,,RARE
1474877,2,0,2,1,1,3,Innistrad,equipment,Talisman,Green,Red,,,,UNCOMMON
1474878,3,1,1,2,2,0,Kamigawa,equipment,Ring,Green,Red,White,,,RARE
1474879,0,3,0,3,3,3,Innistrad,creature,dwarf,Red,Blue,White,,,MYTHIC RARE
1474880,2,1,2,0,2,0,Kamigawa,equipment,Boots,White,,,,,UNCOMMON
1474881,2,1,1,3,0,0,Kamigawa,equipment,Talisman,Blue,,,,,COMMON
1474882,0,2,0,3,0,1,Strixhaven,equipment,Sword,Blue,White,Green,,,UNCOMMON
1474883,1,2,2,1,3,3,Strixhaven,creature,human,Black,,,,,MYTHIC RARE
1474884,2,3,0,1,2,0,Strixhaven,creature,dragon,White,Blue,Green,,,MYTHIC RARE
1474885,1,1,3,0,3,3,Kaldheim,equipment,Sword,White,Green,Blue,Red,,RARE
1474886,0,2,2,3,3,3,Kamigawa,equipment,Ring,Green,Blue,,,,MYTHIC RARE
1474887,3,0,3,2,3,2,DnD,equipment,Sword,Black,Green,,,,RARE
1474888,2,2,1,0,3,1,Ravnica,equipment,Bottle,White,,,,,MYTHIC RARE
1474889,2,1,1,2,0,0,Strixhaven,creature,boar,Black,Blue,White,,,UNCOMMON
1474890,0,1,1,3,1,3,Kaldheim,creature,human,White,Red,Green,,,MYTHIC RARE
1474891,0,0,3,3,2,2,Kaldheim,equipment,Sword,Red,White,Black,Green,,UNCOMMON
1474892,3,3,1,0,1,1,Ravnica,creature,dragon,Black,Green,Red,White,,UNCOMMON
1474893,3,0,2,2,1,0,Strixhaven,creature,dwarf,Green,,,,,RARE
1474894,0,1,1,0,3,2,Innistrad,creature,boar,Black,,,,,RARE
1474895,3,1,1,0,2,2,Kaldheim,equipment,Bottle,Red,Green,Black,,,MYTHIC RARE
1474896,1,3,0,0,0,3,Kaldheim,creature,elf,Blue,,,,,RARE
1474897,0,2,3,0,0,2,Kamigawa,equipment,Ring,White,Blue,Red,,,UNCOMMON
1474898,3,0,0,2,1,0,DnD,creature,zombie,Blue,,,,,UNCOMMON
1474899,2,3,1,3,1,0,Kamigawa,equipment,Bottle,Green,,,,,COMMON
1474900,0,3,3,1,1,0,Kamigawa,creature,boar,Green,,,,,RARE
1474901,1,0,2,0,2,1,Kamigawa,equipment,Sword,Black,White,,,,MYTHIC RARE
1474902,2,0,3,1,1,1,Ravnica,equipment,Ring,Black,Blue,Red,,,RARE
1474903,3,0,2,1,0,0,Kaldheim,equipment,Bottle,White,,,,,UNCOMMON
1474904,1,3,1,1,1,0,Innistrad,equipment,Sword,Green,Black,,,,COMMON
1474905,2,1,3,1,3,1,DnD,creature,human,White,Black,,,,COMMON
1474906,3,2,1,3,1,1,Innistrad,creature,dwarf,Green,,,,,RARE
1474907,0,0,0,1,0,0,Ravnica,equipment,Sword,Red,Green,,,,UNCOMMON
1474908,3,3,2,3,3,2,Kaldheim,creature,zombie,Blue,White,,,,RARE
1474909,1,2,3,3,2,3,Kamigawa,creature,dragon,Green,,,,,COMMON
1474910,3,2,0,3,1,3,Kamigawa,creature,zombie,Red,Green,Blue,,,RARE
1474911,0,0,3,1,3,2,Innistrad,creature,elf,Red,,,,,COMMON
1474912,0,3,3,1,0,0,Ravnica,equipment,Talisman,Green,White,Black,,,MYTHIC RARE
1474913,2,3,2,0,3,0,Kaldheim,creature,dragon,Green,Black,White,Blue,,MYTHIC RARE
1474914,0,3,2,0,2,2,Strixhaven,equipment,Ring,Black,,,,,MYTHIC RARE
1474915,1,0,1,3,2,1,Strixhaven,creature,dragon,Black,White,Green,,,MYTHIC RARE
1474916,0,2,2,2,0,0,Innistrad,equipment,Ring,White,Red,Green,,,COMMON
1474917,0,2,0,2,0,1,Kaldheim,equipment,Bottle,Black,,,,,MYTHIC RARE
1474918,1,1,1,1,2,0,Ravnica,creature,dwarf,Red,White,Black,,,RARE
1474919,2,1,3,3,1,0,Ravnica,equipment,Ring,Green,,,,,RARE
1474920,0,3,2,3,1,3,Kaldheim,equipment,Bottle,Red,Green,Blue,,,COMMON
1474921,1,2,3,3,0,2,Kamigawa,creature,boar,Red,,,,,RARE
1474922,3,2,1,0,0,0,Kamigawa,equipment,Sword,White,,,,,RARE
1474923,3,2,0,2,2,0,Strixhaven,equipment,Sword,Black,,,,,RARE
1474924,2,2,2,0,0,1,Strixhaven,equipment,Talisman,Black,Blue,Green,,,COMMON
1474925,3,0,3,1,2,0,Innistrad,creature,dragon,Green,Blue,Red,,,COMMON
1474926,3,2,3,3,3,1,Strixhaven,creature,elf,White,Green,,,,RARE
1474927,3,0,3,0,3,2,Kaldheim,equipment,Talisman,Red,,,,,MYTHIC RARE
1474928,0,2,2,2,3,3,Ravnica,creature,elf,Red,,,,,MYTHIC RARE
1474929,0,3,3,0,0,2,Strixhaven,equipment,Ring,Red,Black,White,,,COMMON
1474930,1,3,0,2,1,3,Innistrad,creature,boar,Blue,Black,,,,UNCOMMON
1474931,0,0,0,2,1,3,Innistrad,equipment,Ring,Blue,Red,,,,UNCOMMON
1474932,3,2,3,0,3,1,Kaldheim,equipment,Boots,Red,Blue,,,,COMMON
1474933,0,1,1,1,3,0,Strixhaven,equipment,Sword,Blue,Black,,,,RARE
1474934,0,0,3,1,2,3,Strixhaven,creature,boar,Red,Black,Green,,,UNCOMMON
1474935,3,1,1,3,1,2,Innistrad,creature,dragon,Red,Blue,,,,COMMON
1474936,2,0,2,1,2,2,Kamigawa,creature,boar,White,Blue,,,,RARE
1474937,1,2,2,0,3,2,Innistrad,creature,elf,Red,White,,,,RARE
1474938,1,0,3,3,2,2,Kamigawa,creature,dwarf,White,,,,,RARE
1474939,2,0,0,0,0,0,Innistrad,creature,dwarf,Green,Black,Red,Blue,,UNCOMMON
1474940,2,2,2,2,3,0,DnD,equipment,Talisman,Red,Black,,,,UNCOMMON
1474941,0,1,1,2,0,2,Kaldheim,equipment,Talisman,White,Blue,Green,,,MYTHIC RARE
1474942,3,2,0,1,0,0,DnD,creature,zombie,Red,Green,Blue,,,UNCOMMON
1474943,3,0,1,3,2,2,Kaldheim,creature,boar,Blue,Black,,,,RARE
1474944,0,0,1,2,1,3,Kamigawa,creature,human,Black,,,,,COMMON
1474945,0,0,1,2,3,3,Kaldheim,equipment,Sword,Black,Red,Blue,White,,COMMON
1474946,1,2,1,1,2,2,DnD,creature,zombie,Blue,,,,,COMMON
1474947,1,3,1,3,3,1,Ravnica,equipment,Boots,Black,Blue,,,,COMMON
1474948,0,3,3,3,3,3,Kamigawa,creature,boar,Blue,,,,,RARE
1474949,0,1,3,0,2,1,Innistrad,equipment,Bottle,White,Green,,,,RARE
1474950,3,3,0,0,2,1,Kaldheim,equipment,Sword,Red,,,,,MYTHIC RARE
1474951,2,2,0,0,2,1,Kamigawa,equipment,Boots,White,Red,Green,,,MYTHIC RARE
1474952,0,2,3,3,0,0,Ravnica,equipment,Ring,Blue,Green,Red,,,RARE
1474953,0,3,1,0,3,3,Ravnica,creature,dragon,Black,,,,,UNCOMMON
1474954,1,3,1,2,2,2,Strixhaven,equipment,Talisman,White,Red,Blue,,,COMMON
1474955,1,3,3,1,0,0,Strixhaven,equipment,Ring,White,Red,,,,COMMON
1474956,3,2,3,2,3,3,Kaldheim,equipment,Sword,White,Black,Blue,,,RARE
1474957,2,2,3,0,0,3,Innistrad,creature,dwarf,Blue,,,,,UNCOMMON
1474958,0,2,2,3,2,1,Innistrad,equipment,Sword,Black,Green,,,,RARE
1474959,0,2,2,2,0,0,Innistrad,creature,elf,Black,Blue,Red,,,UNCOMMON
1474960,1,2,0,0,2,2,Ravnica,creature,human,White,Red,,,,MYTHIC RARE
1474961,2,1,1,0,0,2,DnD,equipment,Boots,Black,Blue,Green,,,RARE
1474962,0,2,2,1,0,2,Kaldheim,creature,dragon,Blue,Green,White,Red,,MYTHIC RARE
1474963,3,2,1,3,2,0,DnD,creature,human,Blue,Red,Black,,,UNCOMMON
1474964,2,2,2,0,1,0,Kaldheim,equipment,Talisman,Black,Green,,,,RARE
1474965,3,3,1,1,2,0,DnD,equipment,Boots,Red,White,Green,Black,,UNCOMMON
1474966,3,1,2,3,2,2,Ravnica,creature,elf,Red,Blue,,,,COMMON
1474967,0,3,1,3,0,3,Strixhaven,creature,boar,Red,Blue,,,,COMMON
1474968,2,1,1,2,1,1,Strixhaven,creature,boar,White,Red,,,,COMMON
1474969,3,2,3,0,1,3,Kamigawa,equipment,Sword,Blue,Black,Green,,,RARE
1474970,1,2,1,3,1,3,Innistrad,equipment,Talisman,Red,Blue,,,,UNCOMMON
1474971,2,0,0,3,1,1,Kamigawa,equipment,Sword,Red,White,,,,RARE
1474972,3,1,2,3,2,0,DnD,equipment,Ring,White,Green,,,,COMMON
1474973,0,0,1,3,0,2,Ravnica,creature,dwarf,Blue,,,,,UNCOMMON
1474974,1,0,1,1,2,1,Kaldheim,creature,zombie,Red,,,,,UNCOMMON
1474975,3,3,0,1,0,3,Kaldheim,creature,zombie,Red,,,,,RARE
1474976,2,3,2,2,1,1,Kamigawa,equipment,Ring,White,Green,Blue,,,RARE
1474977,1,3,2,0,3,2,DnD,equipment,Talisman,White,Red,Blue,Black,,UNCOMMON
1474978,3,0,2,2,3,2,Ravnica,creature,boar,Red,Blue,,,,UNCOMMON
1474979,2,0,3,1,2,1,Strixhaven,creature,zombie,White,Green,,,,RARE
1474980,0,0,0,0,0,1,Ravnica,creature,boar,Blue,Black,,,,MYTHIC RARE
1474981,2,1,1,0,0,3,DnD,equipment,Bottle,Red,Black,Green,,,RARE
1474982,1,0,3,1,3,2,Kaldheim,equipment,Ring,Black,,,,,UNCOMMON
1474983,1,3,0,0,1,1,Kaldheim,equipment,Sword,Black,,,,,RARE
1474984,1,2,3,1,3,3,Innistrad,creature,dragon,Blue,Green,,,,RARE
1474985,0,3,3,1,3,0,Strixhaven,creature,zombie,White,Blue,Black,,,UNCOMMON
1474986,0,2,2,2,1,1,Ravnica,creature,dwarf,Black,,,,,UNCOMMON
1474987,2,2,3,3,2,0,Strixhaven,creature,dragon,Black,Green,Blue,Red,,COMMON
1474988,3,3,2,1,3,0,Kamigawa,equipment,Talisman,Red,Black,,,,MYTHIC RARE
1474989,1,2,1,3,0,3,Kamigawa,creature,zombie,Green,White,Red,,,UNCOMMON
1474990,0,3,2,1,2,2,Innistrad,equipment,Sword,White,,,,,COMMON
1474991,3,3,2,2,1,0,Innistrad,creature,zombie,Red,Blue,Green,,,UNCOMMON
1474992,0,1,1,1,1,2,DnD,creature,dwarf,Blue,White,,,,MYTHIC RARE
1474993,0,1,2,0,1,2,Strixhaven,creature,zombie,Blue,White,,,,MYTHIC RARE
1474994,1,0,0,2,2,2,Innistrad,creature,human,Red,Green,,,,UNCOMMON
1474995,1,0,0,2,3,0,Innistrad,creature,dragon,White,Blue,Black,Green,,UNCOMMON
1474996,1,1,3,0,1,0,Strixhaven,equipment,Talisman,Blue,,,,,UNCOMMON
1474997,0,2,1,1,0,1,Innistrad,creature,elf,Red,Blue,Black,Green,,UNCOMMON
1474998,0,2,3,0,1,3,Kamigawa,creature,boar,Black,Green,,,,COMMON
1474999,1,2,0,3,2,1,Kaldheim,equipment,Ring,Green,,,,,RARE
1475000,2,2,0,3,3,0,Strixhaven,creature,zombie,Blue,,,,,COMMON
1475001,1,2,0,1,0,1,Ravnica,equipment,Bottle,Blue,Black,,,,MYTHIC RARE
1475002,3,2,0,3,1,0,Kamigawa,equipment,Ring,Blue,Red,Green,,,MYTHIC RARE
1475003,0,2,1,1,1,0,Innistrad,equipment,Sword,Green,,,,,RARE
1475004,0,3,0,1,3,3,Kaldheim,creature,boar,Red,Green,,,,MYTHIC RARE
1475005,2,2,3,2,0,0,Innistrad,creature,human,Black,Green,,,,COMMON
1475006,3,2,2,0,2,2,Kaldheim,creature,dwarf,White,Red,,,,RARE
1475007,3,2,3,1,0,0,Ravnica,creature,boar,Blue,Green,Red,,,RARE
1475008,3,3,3,3,3,0,Kamigawa,creature,dragon,Green,Red,,,,RARE
1475009,3,3,1,0,1,0,Innistrad,creature,boar,Blue,Black,,,,MYTHIC RARE
1475010,1,1,1,3,1,0,Innistrad,creature,elf,Blue,Black,,,,UNCOMMON
1475011,3,3,0,2,0,0,Ravnica,equipment,Sword,Green,White,,,,MYTHIC RARE
1475012,2,2,1,3,0,1,Strixhaven,equipment,Talisman,Green,Blue,,,,UNCOMMON
1475013,1,0,0,1,1,1,Innistrad,creature,dragon,White,Blue,,,,UNCOMMON
1475014,0,3,0,0,1,1,Ravnica,equipment,Ring,Green,White,Red,,,COMMON
1475015,2,3,3,0,2,3,DnD,creature,zombie,Black,White,Blue,,,RARE
1475016,0,2,0,1,1,3,Kamigawa,creature,human,Red,,,,,COMMON
1475017,2,2,1,0,2,3,Ravnica,equipment,Bottle,Red,Black,White,,,MYTHIC RARE
1475018,3,0,0,0,3,3,Kaldheim,creature,zombie,Red,Blue,White,,,UNCOMMON
1475019,0,3,1,0,3,3,Kamigawa,creature,dwarf,Blue,,,,,MYTHIC RARE
1475020,2,1,2,0,1,1,DnD,creature,elf,Red,Blue,White,Black,,RARE
1475021,0,0,1,1,2,2,Kaldheim,creature,elf,Red,,,,,UNCOMMON
1475022,0,0,0,0,2,1,DnD,creature,dwarf,Green,Blue,Red,,,RARE
1475023,1,1,1,3,0,2,Kamigawa,creature,boar,Red,Green,,,,MYTHIC RARE
1475024,1,3,0,2,3,2,Kaldheim,creature,dragon,White,Black,,,,UNCOMMON
1475025,3,1,0,1,1,3,Ravnica,creature,dwarf,White,,,,,UNCOMMON
1475026,1,3,2,1,1,0,DnD,equipment,Bottle,Blue,,,,,UNCOMMON
1475027,2,0,0,2,2,3,Kamigawa,creature,elf,Black,White,Green,,,MYTHIC RARE
1475028,1,2,3,2,3,0,DnD,equipment,Ring,Green,,,,,COMMON
1475029,0,2,2,0,2,1,Ravnica,creature,boar,Green,Black,,,,COMMON
1475030,3,0,3,0,1,0,Strixhaven,equipment,Talisman,White,Green,Red,,,RARE
1475031,2,3,2,1,0,2,DnD,equipment,Sword,Black,,,,,RARE
1475032,2,0,3,2,2,0,DnD,equipment,Ring,White,Green,,,,UNCOMMON
1475033,0,1,3,0,1,3,Strixhaven,equipment,Sword,Black,Red,White,,,UNCOMMON
1475034,0,0,1,3,1,0,Kamigawa,equipment,Ring,Blue,Green,,,,MYTHIC RARE
1475035,1,1,2,1,3,3,Ravnica,creature,boar,Blue,,,,,UNCOMMON
1475036,2,1,3,0,0,0,Innistrad,equipment,Bottle,White,Blue,,,,RARE
1475037,2,2,1,3,3,3,DnD,equipment,Sword,White,,,,,MYTHIC RARE
1475038,1,1,1,3,1,1,Kamigawa,creature,dragon,Green,,,,,UNCOMMON
1475039,3,1,0,3,2,2,Innistrad,creature,dragon,Green,Red,,,,UNCOMMON
1475040,0,0,0,3,0,0,Innistrad,equipment,Ring,Red,Blue,,,,COMMON
1475041,1,1,2,3,2,1,DnD,creature,zombie,Green,Black,Blue,,,RARE
1475042,1,2,0,0,3,0,DnD,equipment,Ring,Black,,,,,UNCOMMON
1475043,3,3,3,0,0,0,Ravnica,creature,boar,Black,Red,Blue,,,UNCOMMON
1475044,2,3,0,0,3,2,DnD,equipment,Boots,Black,,,,,UNCOMMON
1475045,0,3,1,2,3,0,DnD,creature,human,Green,,,,,COMMON
1475046,0,0,3,0,1,1,Ravnica,creature,elf,White,Red,Blue,,,UNCOMMON
1475047,0,3,2,1,1,3,Kaldheim,equipment,Sword,Black,,,,,RARE
1475048,0,1,3,0,1,2,DnD,equipment,Bottle,Red,,,,,UNCOMMON
1475049,2,3,1,1,1,3,Kamigawa,creature,dwarf,White,Green,,,,UNCOMMON
1475050,0,0,0,0,0,2,Innistrad,creature,zombie,Blue,,,,,MYTHIC RARE
1475051,0,1,0,3,0,1,DnD,equipment,Boots,Blue,,,,,COMMON
1475052,1,3,0,1,1,3,DnD,creature,boar,Blue,White,,,,COMMON
1475053,3,0,3,3,2,0,Kaldheim,equipment,Bottle,White,,,,,COMMON
1475054,3,2,2,1,0,0,Strixhaven,creature,human,Black,Blue,,,,MYTHIC RARE
1475055,1,2,0,1,2,2,Kaldheim,creature,zombie,White,Red,,,,COMMON
1475056,1,3,0,1,2,2,Kaldheim,equipment,Sword,White,Black,Blue,,,COMMON
1475057,2,2,1,3,3,3,DnD,equipment,Ring,Black,White,Red,,,COMMON
1475058,1,0,2,1,3,0,DnD,creature,dragon,Black,White,Green,Blue,,RARE
1475059,2,1,3,1,1,1,Kaldheim,equipment,Sword,Black,Red,,,,COMMON
1475060,0,3,1,0,0,2,Kamigawa,equipment,Sword,Green,Red,,,,COMMON
1475061,3,3,0,0,0,3,Kamigawa,equipment,Bottle,Green,White,,,,RARE
1475062,0,2,0,1,2,3,Kaldheim,creature,dragon,White,Blue,,,,COMMON
1475063,2,3,3,3,2,3,Innistrad,equipment,Sword,Black,Red,,,,COMMON
1475064,1,0,3,2,0,3,DnD,creature,dragon,Red,Black,Green,White,,COMMON
1475065,2,3,2,1,2,1,DnD,creature,zombie,Green,Blue,White,,,COMMON
1475066,3,0,2,3,2,3,Kaldheim,creature,zombie,White,,,,,UNCOMMON
1475067,2,0,0,0,0,2,Innistrad,creature,boar,Green,Red,White,Blue,,COMMON
1475068,3,0,1,1,0,3,DnD,creature,boar,Black,Red,Green,,,RARE
1475069,3,3,3,3,3,0,Kaldheim,equipment,Ring,Red,Black,Green,White,,COMMON
1475070,0,1,0,2,3,1,Innistrad,creature,dwarf,Green,,,,,UNCOMMON
1475071,0,2,3,3,0,1,Kaldheim,creature,zombie,Black,Green,Blue,,,MYTHIC RARE
1475072,0,1,3,2,3,3,DnD,creature,elf,Blue,,,,,RARE
1475073,3,1,1,2,0,3,Innistrad,creature,dwarf,Black,Green,Blue,,,RARE
1475074,3,1,3,3,3,3,DnD,creature,human,Red,Blue,,,,RARE
1475075,1,1,2,3,0,3,Ravnica,equipment,Sword,White,Green,Red,Black,,MYTHIC RARE
1475076,3,3,0,0,3,0,Innistrad,equipment,Ring,Black,Red,Blue,Green,,COMMON
1475077,0,2,3,3,0,1,Strixhaven,equipment,Talisman,White,Red,Black,Green,,UNCOMMON
1475078,1,2,1,0,0,0,Ravnica,equipment,Bottle,Red,Green,,,,MYTHIC RARE
1475079,2,2,1,0,2,0,Strixhaven,creature,boar,Red,White,Green,,,UNCOMMON
1475080,3,0,0,3,2,3,Kaldheim,creature,dwarf,Green,Blue,Red,,,RARE
1475081,3,2,0,1,2,0,Kamigawa,creature,dragon,Black,Green,Red,,,COMMON
1475082,0,0,2,1,2,1,Innistrad,creature,elf,Green,Red,Blue,,,MYTHIC RARE
1475083,2,3,1,2,0,0,DnD,equipment,Sword,Green,Blue,Red,,,UNCOMMON
1475084,0,3,0,0,1,1,Kamigawa,creature,zombie,White,Green,,,,RARE
1475085,1,1,1,3,1,1,Strixhaven,equipment,Boots,Black,,,,,RARE
1475086,2,0,0,1,2,3,Strixhaven,creature,boar,Blue,Green,White,,,RARE
1475087,2,3,2,1,2,0,Strixhaven,creature,dragon,Blue,Green,Black,,,UNCOMMON
1475088,2,0,3,2,2,1,Kaldheim,equipment,Bottle,White,,,,,RARE
1475089,1,0,1,2,0,1,Strixhaven,equipment,Sword,White,Green,,,,MYTHIC RARE
1475090,0,2,1,3,2,0,Kaldheim,creature,elf,Red,Black,,,,COMMON
1475091,1,3,0,1,1,2,Innistrad,equipment,Ring,Blue,Red,White,,,RARE
1475092,3,2,2,0,3,3,Innistrad,creature,dwarf,Blue,Black,,,,RARE
1475093,0,1,1,3,3,2,Ravnica,equipment,Bottle,Red,Blue,White,,,RARE
1475094,1,3,0,0,1,1,Ravnica,creature,elf,Blue,White,Red,,,COMMON
1475095,2,1,2,2,2,3,Kaldheim,creature,boar,Red,Green,Black,,,MYTHIC RARE
1475096,2,3,3,2,0,3,DnD,creature,zombie,Blue,,,,,MYTHIC RARE
1475097,1,0,3,0,2,0,Ravnica,equipment,Sword,White,Blue,,,,MYTHIC RARE
1475098,3,2,3,1,2,3,Kaldheim,equipment,Ring,Green,,,,,COMMON
1475099,1,1,0,1,3,1,DnD,equipment,Ring,White,,,,,RARE
1475100,0,3,0,1,3,3,Strixhaven,equipment,Sword,Blue,Green,,,,MYTHIC RARE
1475101,3,0,1,2,2,3,Kamigawa,creature,human,Black,,,,,UNCOMMON
1475102,1,3,0,1,3,2,Ravnica,creature,dwarf,Red,,,,,UNCOMMON
1475103,3,3,2,3,3,0,Kaldheim,equipment,Ring,Black,Red,Green,White,Blue,MYTHIC RARE
1475104,1,1,2,3,2,2,DnD,creature,boar,White,Green,,,,MYTHIC RARE
1475105,1,3,1,1,0,0,Kamigawa,creature,human,Green,Black,Blue,White,,RARE
1475106,0,3,1,0,0,0,Kaldheim,creature,boar,White,,,,,MYTHIC RARE
1475107,2,1,2,0,2,0,Innistrad,equipment,Sword,Red,,,,,MYTHIC RARE
1475108,2,0,0,3,3,3,DnD,creature,human,Blue,,,,,MYTHIC RARE
1475109,1,2,1,2,0,0,Strixhaven,creature,dwarf,Green,White,,,,UNCOMMON
1475110,3,0,0,0,2,0,Kamigawa,creature,dwarf,Green,,,,,UNCOMMON
1475111,2,2,3,0,2,0,DnD,equipment,Sword,White,,,,,RARE
1475112,0,1,2,3,3,0,Ravnica,equipment,Sword,Red,,,,,MYTHIC RARE
1475113,1,0,2,2,0,0,Strixhaven,equipment,Boots,Blue,,,,,COMMON
1475114,1,3,0,2,3,2,Ravnica,equipment,Ring,Green,Red,Black,,,COMMON
1475115,2,2,3,3,1,1,Ravnica,creature,dwarf,Blue,Black,White,,,RARE
1475116,3,0,3,0,1,1,Ravnica,creature,dragon,Black,Blue,White,,,RARE
1475117,3,1,3,1,2,2,Kaldheim,equipment,Talisman,White,Red,Blue,,,MYTHIC RARE
1475118,3,0,2,1,2,0,Innistrad,creature,zombie,Green,Red,,,,MYTHIC RARE
1475119,3,0,3,0,0,1,Innistrad,creature,elf,Red,White,Green,,,COMMON
1475120,3,1,0,1,2,2,Innistrad,equipment,Talisman,Green,White,Red,,,UNCOMMON
1475121,3,0,3,2,0,3,Kaldheim,equipment,Talisman,Green,White,Blue,,,COMMON
1475122,2,3,0,0,0,2,Kaldheim,equipment,Sword,Blue,Black,White,Green,Red,RARE
1475123,0,1,3,1,0,0,Kaldheim,equipment,Bottle,Red,White,,,,RARE
1475124,3,1,3,1,0,1,Kaldheim,creature,boar,White,Black,,,,MYTHIC RARE
1475125,3,2,3,2,0,3,DnD,equipment,Bottle,Blue,,,,,UNCOMMON
1475126,2,3,0,2,1,0,Innistrad,creature,elf,Black,Green,White,,,RARE
1475127,3,3,0,2,0,0,Kamigawa,equipment,Boots,White,Black,,,,COMMON
1475128,1,0,2,2,2,1,DnD,creature,dwarf,Red,Blue,Green,White,,RARE
1475129,0,3,0,2,3,1,Ravnica,creature,elf,White,Red,Black,,,MYTHIC RARE
1475130,2,1,0,3,1,3,Kamigawa,equipment,Sword,Black,White,,,,COMMON
1475131,1,0,1,2,1,1,DnD,equipment,Ring,Green,Black,Red,White,,RARE
1475132,2,0,3,3,2,2,DnD,equipment,Talisman,Green,,,,,UNCOMMON
1475133,2,1,0,3,3,3,DnD,equipment,Ring,White,,,,,UNCOMMON
1475134,2,1,0,3,0,1,Kaldheim,equipment,Bottle,White,Black,Green,,,COMMON
1475135,3,3,1,2,3,0,DnD,equipment,Ring,White,Red,,,,UNCOMMON
1475136,2,1,1,0,1,0,Kamigawa,creature,elf,Green,Red,White,,,COMMON
1475137,2,0,1,3,3,2,Strixhaven,equipment,Bottle,Blue,,,,,RARE
1475138,1,3,0,2,3,3,Ravnica,creature,boar,Green,White,,,,UNCOMMON
1475139,0,0,0,2,1,2,Innistrad,equipment,Ring,Red,Blue,,,,COMMON
1475140,1,0,0,2,1,2,Strixhaven,equipment,Bottle,White,Red,Green,,,RARE
1475141,1,1,3,3,3,2,Ravnica,creature,boar,White,,,,,MYTHIC RARE
1475142,3,1,3,1,0,3,Innistrad,creature,human,Green,Black,Red,,,COMMON
1475143,2,2,2,2,3,1,DnD,creature,dwarf,White,Blue,,,,UNCOMMON
1475144,3,2,1,3,1,1,DnD,equipment,Ring,Blue,Green,,,,COMMON
1475145,0,1,0,3,1,3,DnD,equipment,Ring,Blue,White,,,,UNCOMMON
1475146,0,0,2,0,1,1,Strixhaven,equipment,Boots,Green,Black,,,,UNCOMMON
1475147,0,3,2,2,3,3,Ravnica,creature,human,Black,Green,White,,,UNCOMMON
1475148,2,2,2,2,0,1,Innistrad,equipment,Sword,Green,Blue,,,,UNCOMMON
1475149,2,2,2,3,3,1,Kaldheim,equipment,Talisman,Red,,,,,UNCOMMON
1475150,3,3,3,2,3,0,Strixhaven,creature,dragon,Red,White,Green,,,RARE
1475151,3,2,1,0,1,1,Ravnica,creature,elf,Red,,,,,COMMON
1475152,3,2,3,3,1,0,Innistrad,creature,boar,White,Green,Blue,Red,Black,UNCOMMON
1475153,1,1,0,0,1,3,Ravnica,creature,human,Green,Blue,,,,COMMON
1475154,0,3,2,1,1,2,Kaldheim,creature,dragon,Green,,,,,COMMON
1475155,1,2,2,3,3,3,Strixhaven,equipment,Boots,Red,,,,,COMMON
1475156,3,3,3,2,2,1,DnD,equipment,Bottle,Red,Green,Blue,,,RARE
1475157,3,3,1,1,3,2,DnD,equipment,Boots,Red,Green,,,,RARE
1475158,0,1,2,3,3,3,Kaldheim,creature,human,Green,White,Black,,,MYTHIC RARE
1475159,1,2,1,1,1,2,Kaldheim,creature,dragon,Red,Green,Blue,,,COMMON
1475160,3,1,3,2,0,3,Kaldheim,creature,dwarf,Black,Red,Blue,,,MYTHIC RARE
1475161,3,3,1,3,2,2,Kaldheim,creature,boar,Red,,,,,MYTHIC RARE
1475162,0,1,2,2,0,0,Kamigawa,equipment,Ring,Red,Blue,,,,RARE
1475163,2,3,2,2,1,2,Kamigawa,creature,boar,Green,,,,,RARE
1475164,3,0,1,0,1,3,Kamigawa,creature,elf,Blue,Red,Green,,,UNCOMMON
1475165,1,3,0,0,0,0,Kaldheim,equipment,Bottle,Red,,,,,UNCOMMON
1475166,0,1,3,1,2,0,Kamigawa,creature,elf,Red,Black,Green,,,UNCOMMON
1475167,1,1,2,1,1,2,Innistrad,creature,boar,Black,,,,,RARE
1475168,1,3,3,2,3,2,Ravnica,creature,dwarf,White,Blue,Green,Red,,UNCOMMON
1475169,0,0,1,0,1,0,DnD,equipment,Sword,Green,,,,,COMMON
1475170,3,2,3,1,2,2,Kamigawa,equipment,Boots,Green,White,Red,,,RARE
1475171,2,2,2,1,1,1,Kaldheim,creature,human,Black,Red,White,,,UNCOMMON
1475172,2,1,2,2,2,2,Strixhaven,equipment,Ring,Blue,,,,,COMMON
1475173,1,3,3,0,1,2,Innistrad,creature,dragon,Red,,,,,RARE
1475174,2,2,2,0,3,1,Kaldheim,equipment,Bottle,Red,Black,,,,RARE
1475175,0,2,3,2,2,3,Innistrad,equipment,Talisman,Blue,White,Black,Green,,RARE
1475176,3,2,0,1,1,1,Ravnica,creature,dragon,Black,White,Red,,,UNCOMMON
1475177,1,3,3,2,1,0,Innistrad,equipment,Sword,Black,,,,,UNCOMMON
1475178,3,1,0,1,1,0,Strixhaven,creature,zombie,Black,Green,Red,,,UNCOMMON
1475179,0,2,2,3,1,2,Strixhaven,equipment,Talisman,Red,,,,,MYTHIC RARE
1475180,3,1,0,0,3,3,Kaldheim,creature,dragon,White,,,,,RARE
1475181,2,2,1,1,2,2,Strixhaven,equipment,Bottle,Black,Red,,,,COMMON
1475182,3,3,3,3,3,2,DnD,creature,elf,Red,Black,,,,RARE
1475183,2,1,3,0,0,3,Kamigawa,creature,boar,Green,,,,,MYTHIC RARE
1475184,1,1,0,3,0,3,Kamigawa,equipment,Boots,Blue,Green,White,,,RARE
1475185,2,1,0,2,2,2,Kamigawa,creature,boar,Green,White,Blue,Black,,MYTHIC RARE
1475186,2,0,2,3,3,2,Ravnica,creature,boar,Black,Red,White,,,UNCOMMON
1475187,0,2,0,0,2,0,Kaldheim,creature,elf,Red,Black,White,,,RARE
1475188,0,0,2,3,3,0,Ravnica,equipment,Ring,White,Black,Blue,Green,,RARE
1475189,1,2,0,3,1,2,Innistrad,creature,elf,White,,,,,MYTHIC RARE
1475190,3,0,3,2,0,3,Kaldheim,creature,zombie,White,Black,,,,RARE
1475191,3,3,2,0,3,3,Ravnica,creature,elf,White,,,,,COMMON
1475192,1,3,1,3,1,1,Kaldheim,equipment,Ring,Blue,White,,,,RARE
1475193,0,1,1,3,1,0,Ravnica,equipment,Bottle,Blue,Green,Black,White,,UNCOMMON
1475194,0,3,2,2,1,0,Kaldheim,equipment,Ring,White,,,,,COMMON
1475195,1,1,1,3,3,2,Innistrad,equipment,Boots,Green,White,,,,UNCOMMON
1475196,0,1,0,1,2,3,Strixhaven,equipment,Sword,White,Green,Red,,,UNCOMMON
1475197,3,2,1,1,0,1,Kaldheim,equipment,Bottle,Black,,,,,MYTHIC RARE
1475198,0,3,2,2,2,2,Strixhaven,creature,dragon,White,Green,,,,MYTHIC RARE
1475199,0,0,0,3,2,0,Kaldheim,creature,human,Green,Red,Blue,White,,MYTHIC RARE
1475200,3,0,1,2,0,2,Kaldheim,creature,boar,Green,Black,White,Red,,UNCOMMON
1475201,0,1,2,1,1,1,Innistrad,creature,zombie,Blue,Green,Red,Black,,COMMON
1475202,1,0,3,2,1,1,Strixhaven,equipment,Sword,Blue,Black,Green,,,UNCOMMON
1475203,1,2,3,1,2,3,Strixhaven,equipment,Talisman,Red,Blue,,,,MYTHIC RARE
1475204,3,1,1,3,3,1,Innistrad,creature,boar,Red,,,,,RARE
1475205,1,2,2,1,3,2,Strixhaven,creature,dwarf,Black,Blue,Green,,,UNCOMMON
1475206,1,0,3,0,1,2,Kaldheim,creature,boar,Black,White,,,,MYTHIC RARE
1475207,1,2,2,2,2,0,Kamigawa,equipment,Bottle,Blue,White,,,,COMMON
1475208,3,3,3,2,1,3,Ravnica,creature,elf,Red,,,,,UNCOMMON
1475209,1,0,3,0,1,0,DnD,equipment,Boots,White,,,,,RARE
1475210,3,3,3,3,0,0,Innistrad,equipment,Ring,Blue,Red,Green,,,MYTHIC RARE
1475211,0,3,1,2,3,1,Strixhaven,equipment,Sword,Black,Green,,,,MYTHIC RARE
1475212,1,1,3,2,3,3,Kaldheim,equipment,Bottle,Blue,Green,Black,,,MYTHIC RARE
1475213,1,2,1,3,3,1,Ravnica,equipment,Talisman,Green,Blue,Red,,,MYTHIC RARE
1475214,2,3,3,3,1,2,Kaldheim,equipment,Sword,White,Blue,Black,,,COMMON
1475215,1,1,2,1,0,1,Innistrad,creature,human,White,Green,,,,MYTHIC RARE
1475216,2,1,0,1,2,2,Kamigawa,creature,dragon,Red,Black,,,,COMMON
1475217,1,3,1,2,3,3,Ravnica,creature,human,Black,Blue,White,,,UNCOMMON
1475218,3,3,3,2,2,3,Innistrad,equipment,Sword,Black,Red,Green,,,RARE
1475219,0,3,2,2,2,3,Kaldheim,creature,zombie,Blue,,,,,COMMON
1475220,3,0,1,0,0,2,Kamigawa,creature,boar,Black,White,Red,Blue,,COMMON
1475221,0,1,2,0,1,3,DnD,creature,elf,Red,,,,,RARE
1475222,0,1,1,1,2,3,DnD,creature,dragon,Black,Green,,,,RARE
1475223,2,1,1,2,1,1,DnD,creature,dragon,White,Blue,,,,RARE
1475224,3,1,0,1,2,2,Kamigawa,creature,zombie,Red,Green,White,,,COMMON
1475225,1,0,3,1,0,0,Ravnica,equipment,Talisman,Black,,,,,COMMON
1475226,3,3,2,0,2,1,DnD,equipment,Sword,Blue,Red,White,,,MYTHIC RARE
1475227,1,1,0,3,0,1,Ravnica,equipment,Ring,Blue,Black,White,,,COMMON
1475228,0,3,2,1,1,3,Strixhaven,equipment,Bottle,Black,White,Green,Blue,,RARE
1475229,0,1,0,1,2,3,DnD,creature,human,Red,,,,,MYTHIC RARE
1475230,2,2,0,2,1,2,Strixhaven,creature,dragon,White,Green,Red,,,MYTHIC RARE
1475231,3,0,0,1,0,1,Kamigawa,creature,human,Black,Green,Red,,,MYTHIC RARE
1475232,2,1,0,1,3,2,DnD,equipment,Bottle,Red,,,,,UNCOMMON
1475233,0,0,2,0,1,1,Innistrad,equipment,Talisman,Blue,White,Red,Green,,UNCOMMON
1475234,0,1,1,1,2,2,Ravnica,equipment,Ring,White,Blue,,,,COMMON
1475235,1,1,0,3,1,1,Innistrad,creature,elf,Green,Black,Blue,,,RARE
1475236,3,3,1,0,2,3,Strixhaven,creature,dragon,Red,Black,White,,,MYTHIC RARE
1475237,0,0,3,2,2,1,Strixhaven,equipment,Talisman,Black,,,,,MYTHIC RARE
1475238,1,3,2,0,0,0,Innistrad,creature,human,Black,Green,Red,,,UNCOMMON
1475239,1,1,2,0,0,3,DnD,equipment,Talisman,White,,,,,MYTHIC RARE
1475240,3,1,3,1,0,2,Ravnica,equipment,Boots,Black,Red,Blue,Green,,UNCOMMON
1475241,0,0,1,2,3,0,Kamigawa,creature,boar,Blue,,,,,RARE
1475242,1,0,0,0,1,2,Ravnica,equipment,Bottle,Green,,,,,COMMON
1475243,0,2,1,1,3,2,Innistrad,creature,zombie,Blue,,,,,MYTHIC RARE
1475244,2,0,3,1,1,0,Innistrad,equipment,Bottle,Green,White,Red,Blue,,MYTHIC RARE
1475245,2,0,2,2,0,3,Kamigawa,equipment,Sword,Black,,,,,UNCOMMON
1475246,2,3,3,1,2,3,Strixhaven,equipment,Sword,White,,,,,RARE
1475247,0,2,3,1,1,1,Innistrad,creature,zombie,White,Black,,,,RARE
1475248,3,3,2,2,0,1,Strixhaven,creature,dwarf,Blue,Red,White,,,RARE
1475249,0,0,3,3,0,1,Kamigawa,equipment,Talisman,Blue,,,,,UNCOMMON
1475250,1,3,1,1,2,3,Kaldheim,equipment,Boots,Blue,Green,Black,,,RARE
1475251,2,2,2,2,0,2,Innistrad,equipment,Bottle,Black,White,Blue,Green,,COMMON
1475252,1,0,3,3,3,1,DnD,creature,dwarf,Blue,,,,,RARE
1475253,3,1,2,1,3,0,DnD,equipment,Sword,White,,,,,RARE
1475254,1,1,3,2,0,0,Ravnica,creature,dragon,Red,Black,White,Blue,,UNCOMMON
1475255,1,3,0,1,2,1,DnD,creature,boar,White,Blue,,,,RARE
1475256,2,2,0,2,2,0,Kaldheim,equipment,Ring,Blue,Green,,,,RARE
1475257,3,0,3,2,3,2,Ravnica,equipment,Talisman,Black,White,,,,RARE
1475258,3,1,3,3,0,1,Kamigawa,creature,dwarf,White,,,,,MYTHIC RARE
1475259,3,3,1,1,2,2,DnD,equipment,Sword,Green,Black,Red,,,COMMON
1475260,3,0,0,3,1,1,Ravnica,equipment,Bottle,Green,Red,Blue,,,COMMON
1475261,3,1,1,3,1,3,Kamigawa,equipment,Boots,Black,White,Red,,,RARE
1475262,0,1,0,3,1,3,DnD,equipment,Boots,Green,Black,,,,RARE
1475263,0,0,3,3,1,1,Ravnica,creature,dragon,Blue,White,Black,,,UNCOMMON
1475264,0,0,3,1,1,3,Kamigawa,creature,human,White,Black,,,,UNCOMMON
1475265,0,2,3,1,1,1,DnD,creature,zombie,White,Blue,Black,,,RARE
1475266,1,2,0,3,2,3,Kaldheim,creature,dwarf,Blue,White,Green,,,RARE
1475267,3,2,3,3,0,0,Ravnica,creature,zombie,Red,Blue,,,,MYTHIC RARE
1475268,1,1,3,0,2,1,Ravnica,creature,boar,Green,White,Blue,,,RARE
1475269,1,0,0,0,0,1,DnD,creature,boar,Red,Blue,White,Black,,COMMON
1475270,3,1,1,1,3,1,Kaldheim,equipment,Boots,Green,Blue,,,,MYTHIC RARE
1475271,3,1,3,2,3,1,Ravnica,equipment,Boots,Blue,,,,,COMMON
1475272,3,3,3,1,1,2,DnD,creature,boar,Blue,White,,,,RARE
1475273,1,3,3,3,0,0,Kamigawa,equipment,Boots,Red,Blue,,,,UNCOMMON
1475274,0,2,1,0,1,0,Innistrad,creature,elf,White,,,,,COMMON
1475275,3,0,0,1,0,1,Strixhaven,equipment,Bottle,Blue,Green,,,,UNCOMMON
1475276,0,0,1,2,0,3,Kaldheim,equipment,Sword,Green,,,,,COMMON
1475277,3,3,1,2,3,1,Strixhaven,creature,dragon,Red,,,,,COMMON
1475278,0,2,1,1,1,2,Strixhaven,creature,elf,Blue,,,,,MYTHIC RARE
1475279,0,0,2,1,3,0,DnD,creature,dwarf,Green,Black,Red,,,MYTHIC RARE
1475280,0,3,1,3,1,1,Ravnica,creature,zombie,Green,White,Blue,Red,,COMMON
1475281,3,0,0,0,3,0,Innistrad,equipment,Ring,Blue,Red,,,,COMMON
1475282,0,1,3,1,3,3,Kaldheim,creature,boar,Black,Red,,,,MYTHIC RARE
1475283,3,0,0,2,3,1,Strixhaven,creature,dwarf,Black,,,,,UNCOMMON
1475284,2,0,0,2,0,3,Kaldheim,equipment,Sword,White,Green,Blue,,,COMMON
1475285,0,2,1,2,1,2,Kamigawa,creature,human,Blue,White,,,,UNCOMMON
1475286,2,1,2,3,2,3,Ravnica,creature,human,White,Black,Green,,,RARE
1475287,0,0,1,1,0,0,Kamigawa,equipment,Sword,Red,,,,,MYTHIC RARE
1475288,3,0,3,2,2,2,Kaldheim,creature,elf,White,,,,,COMMON
1475289,1,0,2,2,0,0,DnD,creature,human,Green,,,,,RARE
1475290,0,2,0,2,1,2,Innistrad,equipment,Boots,Red,Green,,,,RARE
1475291,2,2,3,1,1,1,Strixhaven,equipment,Bottle,Green,White,Black,,,COMMON
1475292,2,2,2,0,0,2,Innistrad,creature,human,White,Black,,,,RARE
1475293,2,2,1,0,1,1,Kamigawa,creature,human,Red,Black,,,,MYTHIC RARE
1475294,2,3,3,0,1,3,DnD,creature,human,Blue,Green,Black,,,COMMON
1475295,1,0,1,2,3,0,Ravnica,creature,dragon,Green,Blue,Black,,,COMMON
1475296,1,1,2,2,2,1,DnD,equipment,Ring,Black,,,,,COMMON
1475297,2,1,0,0,0,2,Ravnica,creature,dwarf,Blue,White,Black,,,MYTHIC RARE
1475298,1,1,0,3,2,2,Strixhaven,creature,elf,Black,Blue,Red,,,UNCOMMON
1475299,2,1,1,1,1,2,DnD,equipment,Sword,Black,Blue,,,,RARE
1475300,1,1,1,3,0,1,Kaldheim,equipment,Boots,White,Black,,,,COMMON
1475301,0,0,3,0,2,1,Kaldheim,creature,dragon,White,Blue,Red,,,COMMON
1475302,2,0,1,0,3,0,Ravnica,creature,zombie,Black,Green,,,,UNCOMMON
1475303,3,3,1,3,2,2,Kamigawa,creature,dwarf,Blue,,,,,MYTHIC RARE
1475304,2,1,1,1,2,1,Strixhaven,equipment,Boots,Black,,,,,MYTHIC RARE
1475305,1,0,0,2,2,3,Ravnica,creature,elf,Red,,,,,MYTHIC RARE
1475306,0,2,0,0,1,0,Kaldheim,creature,human,Blue,White,,,,COMMON
1475307,0,0,2,1,0,1,Innistrad,creature,zombie,White,,,,,COMMON
1475308,3,3,3,0,2,2,Kamigawa,equipment,Boots,Red,White,,,,RARE
1475309,0,0,3,1,3,3,Ravnica,creature,human,White,,,,,MYTHIC RARE
1475310,0,0,2,1,0,1,Kamigawa,creature,boar,Red,Black,Blue,Green,,UNCOMMON
1475311,1,3,2,0,0,0,Innistrad,equipment,Boots,Black,White,,,,MYTHIC RARE
1475312,3,2,0,3,1,3,Kaldheim,creature,zombie,White,Black,Red,,,COMMON
1475313,3,1,1,3,0,1,Ravnica,equipment,Ring,Black,White,Green,,,MYTHIC RARE
1475314,3,0,2,2,3,0,Innistrad,equipment,Ring,White,Red,Blue,Green,,MYTHIC RARE
1475315,1,1,2,2,0,1,Kaldheim,creature,dwarf,Black,Blue,White,,,MYTHIC RARE
1475316,1,0,1,1,2,0,DnD,creature,dragon,Blue,White,,,,UNCOMMON
1475317,3,3,0,2,1,2,Kamigawa,equipment,Bottle,Red,White,Green,,,UNCOMMON
1475318,2,1,2,1,0,0,DnD,creature,dragon,White,Green,,,,MYTHIC RARE
1475319,1,1,2,1,1,0,Ravnica,equipment,Bottle,Green,Black,,,,UNCOMMON
1475320,1,3,3,0,2,3,Kamigawa,creature,dwarf,Green,,,,,COMMON
1475321,0,1,0,2,1,0,Kaldheim,equipment,Talisman,Red,Green,,,,RARE
1475322,3,0,1,1,2,2,DnD,equipment,Bottle,Green,Red,,,,MYTHIC RARE
1475323,1,3,0,3,0,2,Innistrad,equipment,Boots,White,Green,Black,,,RARE
1475324,2,0,3,1,0,2,Strixhaven,equipment,Sword,Red,,,,,COMMON
1475325,0,2,1,0,3,1,Kaldheim,creature,elf,Blue,White,,,,RARE
1475326,2,3,2,2,1,1,Innistrad,creature,human,White,,,,,UNCOMMON
1475327,3,1,1,1,3,3,Kamigawa,creature,zombie,Blue,Red,White,,,COMMON
1475328,1,1,2,1,0,0,Innistrad,creature,dwarf,Blue,,,,,MYTHIC RARE
1475329,2,3,1,1,2,1,DnD,equipment,Boots,Black,Red,Blue,,,RARE
1475330,1,2,0,2,0,0,Kaldheim,creature,elf,White,Blue,,,,MYTHIC RARE
1475331,3,3,1,0,3,0,Kamigawa,equipment,Bottle,Red,Black,Green,Blue,,COMMON
1475332,0,1,1,3,3,2,Innistrad,equipment,Bottle,Black,,,,,RARE
1475333,2,2,1,1,3,1,Innistrad,creature,boar,Red,,,,,MYTHIC RARE
1475334,2,2,3,2,3,0,Kamigawa,equipment,Sword,Red,White,Black,Green,,MYTHIC RARE
1475335,2,2,0,0,1,0,Kaldheim,creature,zombie,White,,,,,RARE
1475336,0,3,0,1,2,0,Ravnica,creature,dragon,Green,Black,White,Red,,COMMON
1475337,1,1,2,0,1,1,DnD,creature,dragon,Red,Blue,,,,MYTHIC RARE
1475338,2,1,2,2,2,0,Strixhaven,creature,boar,Red,White,,,,MYTHIC RARE
1475339,0,0,0,2,1,3,Kamigawa,equipment,Boots,Blue,,,,,COMMON
1475340,3,3,0,2,2,1,DnD,creature,boar,Blue,Red,,,,MYTHIC RARE
1475341,3,1,2,2,0,1,DnD,equipment,Bottle,Red,White,Green,,,MYTHIC RARE
1475342,1,3,0,3,2,1,Kaldheim,equipment,Bottle,Black,Red,,,,COMMON
1475343,1,3,2,3,2,1,Innistrad,equipment,Talisman,Black,White,Green,Blue,,COMMON
1475344,1,2,0,3,1,2,Strixhaven,creature,dwarf,Red,Green,,,,RARE
1475345,1,2,2,0,1,3,DnD,equipment,Talisman,Red,Black,Green,,,UNCOMMON
1475346,1,1,2,2,3,3,DnD,equipment,Bottle,Green,Black,Blue,,,UNCOMMON
1475347,1,2,2,0,1,0,Kaldheim,creature,zombie,Green,Black,White,,,RARE
1475348,0,3,1,2,2,0,Kamigawa,creature,boar,Blue,Red,Green,,,UNCOMMON
1475349,3,0,1,3,0,2,Ravnica,creature,dwarf,White,Blue,,,,COMMON
1475350,1,2,3,2,3,0,Kamigawa,creature,dragon,White,Black,,,,UNCOMMON
1475351,3,2,0,1,1,3,DnD,equipment,Talisman,Red,,,,,RARE
1475352,1,3,3,0,3,1,Kaldheim,equipment,Ring,Black,,,,,UNCOMMON
1475353,1,1,3,3,3,2,Ravnica,creature,human,Green,Blue,Red,,,RARE
1475354,1,2,3,0,2,2,Kaldheim,equipment,Bottle,Blue,,,,,UNCOMMON
1475355,0,2,3,1,3,2,DnD,creature,dragon,Blue,White,Green,,,RARE
1475356,1,0,2,1,3,1,Kaldheim,equipment,Talisman,Red,Green,Black,,,MYTHIC RARE
1475357,0,1,1,3,2,1,Strixhaven,creature,elf,Blue,White,Green,,,UNCOMMON
1475358,0,1,1,3,2,3,Kamigawa,equipment,Bottle,Black,Red,,,,UNCOMMON
1475359,1,2,2,2,1,1,Innistrad,equipment,Sword,White,,,,,UNCOMMON
1475360,1,3,2,1,3,1,Strixhaven,equipment,Sword,Green,,,,,UNCOMMON
1475361,0,3,0,0,2,3,Innistrad,equipment,Boots,Red,White,Green,Black,,MYTHIC RARE
1475362,0,2,0,1,2,2,DnD,creature,elf,Green,Black,,,,RARE
1475363,1,3,1,3,3,1,DnD,equipment,Ring,Red,White,,,,RARE
1475364,0,1,0,3,3,1,DnD,equipment,Ring,Blue,Black,Green,,,MYTHIC RARE
1475365,0,2,1,3,3,3,Innistrad,creature,boar,Red,Blue,,,,MYTHIC RARE
1475366,2,1,0,2,2,0,Strixhaven,creature,zombie,Red,Blue,Green,,,UNCOMMON
1475367,1,2,1,3,2,3,Ravnica,equipment,Bottle,Black,Green,,,,RARE
1475368,1,0,0,2,2,3,Kaldheim,equipment,Ring,Green,Blue,,,,RARE
1475369,3,0,2,3,2,3,Kaldheim,equipment,Sword,White,Red,Blue,,,COMMON
1475370,1,3,0,1,3,3,Ravnica,equipment,Boots,White,Red,Black,Green,,COMMON
1475371,0,1,0,3,0,3,Innistrad,equipment,Sword,Blue,Red,,,,MYTHIC RARE
1475372,2,2,1,0,0,1,Strixhaven,equipment,Talisman,Green,Red,,,,COMMON
1475373,1,0,2,0,3,0,Innistrad,equipment,Sword,Green,Red,Blue,Black,,MYTHIC RARE
1475374,3,3,0,0,3,1,DnD,creature,human,White,Green,,,,UNCOMMON
1475375,3,1,1,3,2,3,Innistrad,equipment,Ring,Green,Black,,,,RARE
1475376,1,0,0,2,1,3,Strixhaven,equipment,Ring,Green,White,Black,Red,,MYTHIC RARE
1475377,2,1,1,1,3,1,Kamigawa,equipment,Bottle,White,Blue,,,,COMMON
1475378,3,2,3,1,0,0,DnD,equipment,Boots,White,Blue,Black,,,RARE
1475379,0,1,3,3,1,1,Ravnica,equipment,Ring,Red,Black,,,,MYTHIC RARE
1475380,2,1,1,0,3,3,Kaldheim,creature,zombie,White,Black,Red,Blue,,MYTHIC RARE
1475381,3,1,3,2,0,0,Kamigawa,equipment,Bottle,White,,,,,UNCOMMON
1475382,3,0,3,3,2,1,Innistrad,creature,dragon,Red,,,,,RARE
1475383,1,2,1,0,3,1,Innistrad,creature,dwarf,White,Green,,,,UNCOMMON
1475384,1,0,1,1,3,1,Kamigawa,equipment,Bottle,Red,Black,,,,MYTHIC RARE
1475385,0,2,3,1,2,3,Kaldheim,creature,dwarf,Blue,Black,Red,,,UNCOMMON
1475386,2,3,0,0,3,3,Innistrad,creature,dragon,Blue,,,,,UNCOMMON
1475387,2,3,2,0,0,2,DnD,equipment,Boots,White,Green,,,,COMMON
1475388,1,0,2,0,1,1,Strixhaven,equipment,Bottle,White,,,,,COMMON
1475389,2,2,0,1,0,0,Strixhaven,creature,elf,Red,,,,,COMMON
1475390,1,2,1,3,0,1,Strixhaven,equipment,Sword,Green,,,,,RARE
1475391,0,2,3,2,1,3,DnD,equipment,Sword,White,,,,,UNCOMMON
1475392,2,3,2,0,1,1,Strixhaven,creature,dwarf,Green,Red,,,,COMMON
1475393,1,3,0,3,2,0,DnD,equipment,Ring,Green,,,,,COMMON
1475394,3,3,1,3,2,0,Kamigawa,creature,zombie,Black,,,,,MYTHIC RARE
1475395,3,1,0,2,0,2,Strixhaven,equipment,Talisman,Green,,,,,MYTHIC RARE
1475396,0,0,3,1,1,2,Ravnica,equipment,Bottle,Black,,,,,RARE
1475397,3,3,2,3,3,0,Ravnica,creature,dragon,Black,Green,Blue,,,COMMON
1475398,3,1,1,1,2,0,Innistrad,equipment,Ring,Green,Red,,,,COMMON
1475399,1,3,0,1,0,3,Kaldheim,equipment,Talisman,Blue,White,Red,Black,,MYTHIC RARE
1475400,2,1,2,0,2,1,Ravnica,equipment,Bottle,Black,Blue,Red,Green,,UNCOMMON
1475401,0,0,0,2,3,3,DnD,equipment,Talisman,Black,,,,,UNCOMMON
1475402,2,3,2,0,0,2,Kamigawa,creature,zombie,Black,Red,,,,COMMON
1475403,3,0,0,2,0,1,DnD,equipment,Sword,Blue,Black,,,,COMMON
1475404,2,2,2,1,0,3,Ravnica,equipment,Ring,Blue,White,,,,COMMON
1475405,2,0,0,2,0,2,Strixhaven,equipment,Sword,Green,Black,Blue,White,,RARE
1475406,1,0,2,3,2,1,Kamigawa,creature,zombie,Green,Blue,White,,,MYTHIC RARE
1475407,3,0,1,2,0,1,Ravnica,equipment,Sword,Blue,Black,Green,,,MYTHIC RARE
1475408,0,1,1,1,0,2,Kamigawa,creature,dragon,Green,,,,,UNCOMMON
1475409,3,1,3,1,1,2,Ravnica,equipment,Talisman,White,Red,,,,MYTHIC RARE
1475410,3,0,3,1,1,1,Kaldheim,equipment,Talisman,Blue,,,,,RARE
1475411,1,2,2,1,0,0,DnD,creature,elf,Blue,Black,,,,RARE
1475412,2,2,2,2,3,3,Strixhaven,equipment,Talisman,Blue,Red,Black,,,COMMON
1475413,1,1,2,2,0,1,Ravnica,creature,zombie,Blue,Black,,,,RARE
1475414,2,0,3,1,1,3,Innistrad,creature,elf,Blue,Green,White,,,MYTHIC RARE
1475415,0,0,3,2,1,3,Ravnica,creature,zombie,Black,,,,,COMMON
1475416,2,3,0,1,3,0,Innistrad,equipment,Bottle,Red,Black,,,,RARE
1475417,1,0,0,0,1,1,Innistrad,creature,dwarf,Red,Black,Green,,,RARE
1475418,1,3,3,0,0,2,Strixhaven,equipment,Talisman,Green,,,,,COMMON
1475419,0,3,3,0,2,0,Kaldheim,equipment,Boots,Green,Blue,,,,COMMON
1475420,2,2,3,3,2,3,Kaldheim,equipment,Ring,Green,Black,Blue,,,UNCOMMON
1475421,0,3,3,0,2,3,Kamigawa,creature,boar,White,Red,,,,COMMON
1475422,2,2,2,3,0,2,Ravnica,equipment,Talisman,White,Red,,,,RARE
1475423,2,3,2,3,1,1,Ravnica,creature,boar,Red,Green,Blue,Black,,MYTHIC RARE
1475424,2,1,3,1,1,3,Kamigawa,equipment,Sword,White,,,,,RARE
1475425,3,0,0,0,1,0,Kaldheim,creature,dwarf,White,Black,,,,MYTHIC RARE
1475426,3,0,0,3,1,0,Kamigawa,equipment,Sword,Green,Red,,,,MYTHIC RARE
1475427,0,0,0,1,3,0,DnD,equipment,Talisman,Green,Black,,,,MYTHIC RARE
1475428,1,2,3,1,1,1,Ravnica,equipment,Boots,Blue,,,,,COMMON
1475429,2,2,2,0,3,3,Innistrad,creature,dragon,Black,,,,,RARE
1475430,0,2,3,0,1,1,Innistrad,creature,boar,Blue,Black,Red,,,RARE
1475431,2,2,0,1,1,3,Ravnica,creature,elf,Black,,,,,MYTHIC RARE
1475432,0,3,0,3,1,3,Strixhaven,creature,human,Blue,Black,,,,MYTHIC RARE
1475433,1,1,1,3,0,0,DnD,equipment,Talisman,Blue,Black,Red,Green,,UNCOMMON
1475434,2,2,0,1,2,1,Kaldheim,creature,zombie,Red,Green,Blue,Black,,MYTHIC RARE
1475435,2,3,3,1,2,0,Strixhaven,creature,dwarf,White,Blue,Red,Black,,RARE
1475436,0,1,3,1,0,1,Ravnica,creature,human,Red,Green,,,,UNCOMMON
1475437,1,2,0,0,1,3,Strixhaven,equipment,Talisman,Green,Red,Blue,Black,,UNCOMMON
1475438,0,3,2,2,1,1,Ravnica,creature,boar,Black,Red,,,,UNCOMMON
1475439,1,3,2,1,0,0,Innistrad,creature,dragon,Green,,,,,UNCOMMON
1475440,2,3,3,2,0,0,Innistrad,equipment,Boots,Green,Blue,,,,COMMON
1475441,3,2,3,1,2,0,Innistrad,equipment,Bottle,Blue,Green,Red,,,COMMON
1475442,0,0,0,2,1,1,Ravnica,creature,dwarf,Red,,,,,UNCOMMON
1475443,1,2,2,1,0,2,DnD,equipment,Bottle,Green,Black,,,,COMMON
1475444,1,3,1,2,1,1,Kamigawa,equipment,Ring,Black,White,Red,,,MYTHIC RARE
1475445,2,2,2,2,1,3,DnD,creature,human,Blue,Red,Green,,,UNCOMMON
1475446,0,0,2,0,1,3,Kamigawa,creature,human,Blue,White,,,,COMMON
1475447,2,0,1,3,3,2,Ravnica,equipment,Boots,Black,White,Green,,,RARE
1475448,1,2,1,1,2,1,Ravnica,equipment,Bottle,White,Blue,Black,,,RARE
1475449,2,1,1,2,2,3,Strixhaven,creature,human,White,,,,,UNCOMMON
1475450,3,2,2,0,0,3,Ravnica,equipment,Ring,Red,,,,,RARE
1475451,2,2,3,0,3,3,Ravnica,creature,dragon,White,,,,,COMMON
1475452,1,0,1,1,2,1,Strixhaven,equipment,Bottle,White,Green,Black,Blue,,RARE
1475453,3,3,1,2,2,2,Innistrad,creature,dwarf,Black,Green,,,,MYTHIC RARE
1475454,1,3,0,3,0,3,Innistrad,creature,elf,Black,White,,,,UNCOMMON
1475455,2,0,2,3,3,2,Innistrad,equipment,Boots,White,Blue,Red,,,COMMON
1475456,0,3,2,0,1,2,Innistrad,equipment,Boots,Green,White,Black,,,MYTHIC RARE
1475457,3,0,1,0,0,2,Innistrad,creature,boar,White,Red,Blue,,,RARE
1475458,3,3,3,3,2,0,Kamigawa,equipment,Boots,Blue,White,,,,UNCOMMON
1475459,0,1,1,0,2,0,Kamigawa,equipment,Sword,Black,White,Blue,,,UNCOMMON
1475460,0,1,0,0,0,2,Kaldheim,equipment,Ring,Red,,,,,COMMON
1475461,0,1,1,0,1,0,Kaldheim,equipment,Ring,Green,Blue,,,,UNCOMMON
1475462,0,2,2,1,2,0,Strixhaven,equipment,Sword,Blue,Green,Red,,,RARE
1475463,3,0,1,1,0,1,Strixhaven,creature,boar,Blue,White,Red,,,UNCOMMON
1475464,0,3,2,1,2,2,Kaldheim,equipment,Boots,Green,Blue,Black,White,,MYTHIC RARE
1475465,3,3,2,1,0,2,Strixhaven,creature,dwarf,Blue,Red,,,,RARE
1475466,1,3,1,2,2,3,Ravnica,equipment,Bottle,Blue,,,,,COMMON
1475467,3,1,0,2,0,0,Kamigawa,equipment,Ring,White,Blue,Green,,,UNCOMMON
1475468,0,2,2,0,0,1,Kaldheim,equipment,Sword,White,Red,,,,COMMON
1475469,0,3,2,2,0,0,Kaldheim,equipment,Sword,Black,White,Red,,,MYTHIC RARE
1475470,0,3,1,1,2,1,Kaldheim,equipment,Boots,Green,,,,,UNCOMMON
1475471,2,3,2,0,2,2,Strixhaven,creature,human,Black,,,,,MYTHIC RARE
1475472,0,3,0,0,1,0,Ravnica,creature,dwarf,Black,Green,,,,MYTHIC RARE
1475473,1,3,3,3,1,0,Ravnica,creature,zombie,Blue,,,,,COMMON
1475474,2,1,0,0,2,3,Kamigawa,creature,boar,White,Red,Black,,,UNCOMMON
1475475,1,2,0,1,0,3,Strixhaven,creature,human,Blue,Red,,,,COMMON
1475476,0,0,3,0,1,1,Strixhaven,equipment,Boots,Green,White,Black,,,COMMON
1475477,1,2,1,2,2,2,DnD,creature,dragon,White,Blue,Black,,,RARE
1475478,1,1,3,1,1,1,Strixhaven,equipment,Sword,Red,Green,,,,RARE
1475479,3,0,2,2,2,3,DnD,equipment,Talisman,Blue,White,,,,UNCOMMON
1475480,3,3,2,2,0,2,Innistrad,creature,boar,Red,,,,,MYTHIC RARE
1475481,2,1,2,0,2,2,Kaldheim,creature,dwarf,White,Red,Black,,,COMMON
1475482,3,1,0,0,1,0,Innistrad,equipment,Bottle,White,Black,Red,Green,Blue,RARE
1475483,2,0,2,0,3,0,Kamigawa,creature,elf,White,Black,Green,,,UNCOMMON
1475484,3,2,3,0,0,3,Kamigawa,equipment,Boots,Green,,,,,UNCOMMON
1475485,1,3,1,2,3,3,Kamigawa,creature,dragon,Red,Green,White,,,MYTHIC RARE
1475486,1,1,0,0,0,3,DnD,equipment,Ring,Green,,,,,RARE
1475487,2,1,0,3,2,2,Ravnica,equipment,Ring,Green,Black,,,,MYTHIC RARE
1475488,3,0,2,1,1,1,Kaldheim,equipment,Talisman,Red,,,,,MYTHIC RARE
1475489,2,2,1,3,1,2,Kamigawa,equipment,Talisman,Blue,Green,,,,COMMON
1475490,3,0,2,3,2,2,DnD,equipment,Bottle,Green,,,,,UNCOMMON
1475491,2,1,0,3,3,3,Strixhaven,equipment,Boots,Blue,Green,,,,RARE
1475492,2,0,2,3,0,1,Kaldheim,creature,dragon,Green,White,Black,,,MYTHIC RARE
1475493,2,3,1,1,0,0,Kamigawa,equipment,Sword,Black,Green,Red,,,UNCOMMON
1475494,2,0,3,1,3,3,Ravnica,equipment,Talisman,Red,Black,Green,White,,UNCOMMON
1475495,2,1,3,3,1,3,DnD,creature,zombie,Black,,,,,UNCOMMON
1475496,0,0,2,2,0,3,Ravnica,creature,boar,White,Red,,,,MYTHIC RARE
1475497,1,2,2,1,0,1,Innistrad,equipment,Talisman,White,Red,Blue,,,MYTHIC RARE
1475498,2,2,2,1,3,1,Kaldheim,equipment,Ring,Black,Red,,,,MYTHIC RARE
1475499,2,3,2,0,2,2,Ravnica,equipment,Sword,Red,Green,Blue,,,UNCOMMON
1475500,1,3,0,3,0,3,DnD,equipment,Boots,Red,White,,,,COMMON
1475501,3,3,2,3,2,2,Kamigawa,equipment,Talisman,Blue,Red,Green,,,UNCOMMON
1475502,0,3,1,2,0,2,Innistrad,equipment,Bottle,Blue,Red,White,,,COMMON
1475503,3,0,2,2,2,0,Kaldheim,equipment,Bottle,Red,Blue,Green,,,UNCOMMON
1475504,3,2,2,0,3,0,DnD,creature,dwarf,Green,Black,Red,,,UNCOMMON
1475505,1,0,0,0,3,1,Kamigawa,creature,boar,Green,Blue,White,,,UNCOMMON
1475506,1,2,0,2,0,3,Strixhaven,equipment,Ring,White,Black,,,,UNCOMMON
1475507,0,3,1,0,0,2,Kaldheim,creature,human,Green,Blue,White,,,UNCOMMON
1475508,2,2,3,2,2,2,Innistrad,equipment,Sword,Black,Blue,,,,COMMON
1475509,2,2,3,3,1,2,Kamigawa,equipment,Talisman,Black,Blue,White,,,UNCOMMON
1475510,0,3,1,0,1,1,DnD,creature,human,Black,,,,,MYTHIC RARE
1475511,3,1,2,1,0,2,DnD,creature,human,Blue,Green,,,,RARE
1475512,0,2,1,2,2,0,Kaldheim,creature,human,Black,Red,,,,COMMON
1475513,3,3,3,2,1,3,Kaldheim,equipment,Ring,Blue,,,,,UNCOMMON
1475514,1,1,1,1,1,2,Ravnica,creature,zombie,Red,Blue,,,,RARE
1475515,0,3,3,3,2,0,Innistrad,creature,dragon,Blue,Red,Green,White,,MYTHIC RARE
1475516,1,3,3,1,2,1,Kaldheim,equipment,Ring,Black,White,,,,UNCOMMON
1475517,3,3,1,3,1,0,Ravnica,equipment,Boots,Green,Black,Red,,,UNCOMMON
1475518,0,3,2,2,2,3,Innistrad,creature,dwarf,Black,,,,,UNCOMMON
1475519,2,0,1,0,0,1,Kaldheim,creature,boar,White,,,,,UNCOMMON
1475520,3,1,2,2,0,2,Kaldheim,creature,zombie,Red,,,,,UNCOMMON
1475521,3,1,0,0,1,1,DnD,creature,dragon,Blue,White,,,,UNCOMMON
1475522,1,1,1,0,2,1,Kamigawa,creature,elf,Green,Black,White,Blue,,UNCOMMON
1475523,0,0,0,1,0,0,Kamigawa,equipment,Bottle,Black,,,,,MYTHIC RARE
1475524,1,3,3,1,1,0,Strixhaven,creature,boar,White,Black,,,,UNCOMMON
1475525,1,3,3,1,0,0,Innistrad,creature,human,White,Red,Green,,,RARE
1475526,1,1,3,2,3,2,Kamigawa,equipment,Sword,Red,Blue,,,,UNCOMMON
1475527,3,1,1,1,0,2,Kaldheim,equipment,Boots,Red,,,,,COMMON
1475528,1,1,2,3,3,2,Ravnica,equipment,Bottle,Black,Green,,,,UNCOMMON
1475529,0,1,0,0,0,3,Innistrad,equipment,Sword,Black,Red,,,,UNCOMMON
1475530,1,3,2,3,1,0,Innistrad,creature,zombie,White,,,,,MYTHIC RARE
1475531,3,2,1,1,2,0,Strixhaven,creature,elf,White,,,,,MYTHIC RARE
1475532,1,2,1,1,3,3,Ravnica,equipment,Ring,Red,Black,,,,RARE
1475533,0,3,0,3,1,1,Strixhaven,creature,boar,Green,,,,,RARE
1475534,2,3,2,0,0,2,Ravnica,equipment,Bottle,Black,Blue,Red,,,RARE
1475535,1,1,3,3,3,1,Kamigawa,equipment,Talisman,Black,,,,,MYTHIC RARE
1475536,0,2,1,2,3,0,Ravnica,creature,human,Blue,,,,,UNCOMMON
1475537,0,2,1,3,2,1,Kaldheim,equipment,Ring,Red,Green,White,,,UNCOMMON
1475538,0,2,3,2,3,2,Kaldheim,equipment,Ring,Green,Black,,,,RARE
1475539,1,0,0,1,3,3,Innistrad,creature,elf,Black,White,,,,RARE
1475540,0,1,3,1,0,2,Ravnica,equipment,Bottle,White,Black,Blue,Green,,MYTHIC RARE
1475541,0,2,3,0,3,0,Kaldheim,creature,dragon,Red,,,,,UNCOMMON
1475542,1,2,3,2,3,2,Innistrad,creature,boar,Green,Red,Black,,,MYTHIC RARE
1475543,0,0,3,2,1,0,Kamigawa,equipment,Ring,White,Green,Red,,,COMMON
1475544,0,3,0,1,0,2,DnD,equipment,Boots,White,,,,,COMMON
1475545,2,1,1,1,0,2,Kaldheim,creature,dragon,White,Red,,,,COMMON
1475546,0,0,2,0,3,2,Ravnica,equipment,Ring,Black,,,,,RARE
1475547,0,0,1,1,3,2,Innistrad,equipment,Boots,Black,,,,,RARE
1475548,1,0,2,1,2,0,DnD,equipment,Talisman,Red,,,,,MYTHIC RARE
1475549,1,3,1,3,1,3,Strixhaven,equipment,Ring,Blue,,,,,MYTHIC RARE
1475550,3,2,3,0,0,1,Ravnica,equipment,Bottle,Black,Green,,,,RARE
1475551,0,0,3,2,2,1,Kamigawa,creature,human,Green,Blue,,,,MYTHIC RARE
1475552,2,2,1,2,1,0,Ravnica,creature,dwarf,Black,White,,,,UNCOMMON
1475553,2,3,3,3,2,0,DnD,equipment,Sword,Red,White,Black,,,UNCOMMON
1475554,0,2,3,0,3,0,Innistrad,creature,dwarf,Green,Black,Red,,,MYTHIC RARE
1475555,3,0,2,3,3,0,Kaldheim,equipment,Talisman,Blue,Green,Red,,,UNCOMMON
1475556,3,1,0,0,2,1,Innistrad,equipment,Boots,Black,White,Red,,,COMMON
1475557,0,3,2,2,0,0,Kaldheim,equipment,Boots,Black,,,,,RARE
1475558,1,2,3,0,3,0,DnD,creature,dragon,Blue,Green,,,,RARE
1475559,3,1,2,2,1,0,Kaldheim,equipment,Talisman,Black,White,Blue,,,MYTHIC RARE
1475560,0,1,3,3,2,2,Kaldheim,creature,boar,Blue,,,,,RARE
1475561,3,0,3,2,0,3,DnD,creature,zombie,Red,Green,Blue,,,COMMON
1475562,1,0,1,2,3,1,Innistrad,creature,dragon,Blue,Black,,,,RARE
1475563,0,2,2,3,3,0,Strixhaven,equipment,Sword,White,,,,,UNCOMMON
1475564,3,3,2,0,2,1,Strixhaven,creature,dwarf,White,Black,,,,MYTHIC RARE
1475565,2,3,3,1,0,1,Kaldheim,creature,human,Red,Green,Blue,,,UNCOMMON
1475566,3,1,2,1,3,0,Innistrad,creature,dragon,Green,Blue,,,,RARE
1475567,2,3,0,3,1,3,Kaldheim,equipment,Sword,Red,White,,,,RARE
1475568,1,3,2,3,1,2,Ravnica,equipment,Talisman,White,Green,,,,MYTHIC RARE
1475569,0,0,3,1,2,0,DnD,creature,human,Red,,,,,COMMON
1475570,0,3,2,2,3,2,DnD,equipment,Boots,Red,Black,White,,,MYTHIC RARE
1475571,3,1,2,0,1,3,Kamigawa,equipment,Talisman,Blue,,,,,MYTHIC RARE
1475572,0,0,1,3,2,0,Ravnica,equipment,Sword,Green,,,,,COMMON
1475573,1,0,2,1,3,2,DnD,creature,zombie,Red,,,,,COMMON
1475574,3,3,0,1,0,0,Kaldheim,creature,human,Red,White,,,,UNCOMMON
1475575,3,2,0,3,1,1,Innistrad,equipment,Talisman,Blue,Black,White,Green,,MYTHIC RARE
1475576,3,0,3,2,0,1,Kamigawa,equipment,Ring,Black,,,,,MYTHIC RARE
1475577,3,3,3,3,3,1,Ravnica,equipment,Sword,Red,Black,,,,MYTHIC RARE
1475578,0,1,1,0,2,1,DnD,creature,zombie,Black,Green,,,,COMMON
1475579,1,0,2,3,0,3,Ravnica,creature,elf,White,Blue,,,,COMMON
1475580,0,3,1,2,2,1,Innistrad,equipment,Bottle,Black,,,,,COMMON
1475581,3,3,1,0,1,1,Ravnica,creature,human,Black,White,,,,UNCOMMON
1475582,0,3,1,0,2,3,Innistrad,equipment,Talisman,White,Green,,,,UNCOMMON
1475583,2,2,3,1,0,2,Strixhaven,equipment,Sword,Red,Black,,,,UNCOMMON
1475584,3,3,3,2,1,1,DnD,equipment,Boots,Green,Red,,,,UNCOMMON
1475585,2,3,3,2,0,2,Strixhaven,equipment,Boots,Green,Black,Blue,,,UNCOMMON
1475586,2,3,2,1,1,2,DnD,equipment,Bottle,Red,Green,,,,RARE
1475587,2,0,1,3,1,2,Innistrad,equipment,Talisman,White,,,,,MYTHIC RARE
1475588,0,0,3,2,2,1,Strixhaven,creature,boar,Red,Green,,,,UNCOMMON
1475589,0,3,0,3,1,1,DnD,creature,zombie,Black,Red,Green,Blue,,COMMON
1475590,2,1,0,2,1,3,Strixhaven,equipment,Ring,Black,,,,,UNCOMMON
1475591,1,3,0,0,3,0,Kamigawa,creature,human,Black,White,Red,,,COMMON
1475592,0,2,1,3,2,0,Kaldheim,equipment,Ring,Black,Green,White,Red,,MYTHIC RARE
1475593,1,0,3,0,3,3,Strixhaven,creature,zombie,White,Red,,,,COMMON
1475594,3,2,1,1,1,3,Strixhaven,equipment,Sword,Red,White,,,,MYTHIC RARE
1475595,2,2,0,2,0,0,Strixhaven,equipment,Sword,Red,White,Blue,,,COMMON
1475596,3,3,1,1,2,2,Strixhaven,creature,dwarf,Red,Blue,,,,MYTHIC RARE
1475597,3,3,0,0,2,2,Kaldheim,creature,elf,Blue,,,,,MYTHIC RARE
1475598,3,3,3,0,0,3,Innistrad,creature,boar,Green,,,,,RARE
1475599,0,1,1,3,1,3,Innistrad,creature,boar,White,Blue,,,,RARE
1475600,0,2,2,1,2,3,Innistrad,equipment,Ring,White,Red,,,,RARE
1475601,2,3,0,0,1,2,Innistrad,equipment,Boots,Green,White,Red,,,COMMON
1475602,2,1,2,2,0,3,Innistrad,creature,zombie,White,Red,,,,MYTHIC RARE
1475603,0,1,1,2,2,3,Strixhaven,creature,dwarf,Blue,,,,,RARE
1475604,1,2,3,2,2,3,Kamigawa,equipment,Bottle,White,Blue,Black,,,RARE
1475605,1,1,3,3,2,1,DnD,creature,dragon,Red,White,Blue,,,UNCOMMON
1475606,0,1,1,1,0,1,Kaldheim,equipment,Bottle,Red,White,Black,,,MYTHIC RARE
1475607,1,2,3,3,3,2,Innistrad,equipment,Sword,White,Green,Red,,,UNCOMMON
1475608,2,2,2,2,3,2,Kaldheim,creature,dragon,Blue,Black,Red,Green,,MYTHIC RARE
1475609,3,0,2,2,2,3,DnD,equipment,Sword,Green,Blue,,,,COMMON
1475610,3,2,2,2,0,0,DnD,equipment,Boots,Blue,Black,,,,COMMON
1475611,3,1,1,2,2,3,DnD,creature,zombie,White,Red,Blue,,,RARE
1475612,2,0,3,3,3,1,Ravnica,equipment,Ring,Red,Black,White,,,MYTHIC RARE
1475613,3,0,0,3,3,0,Ravnica,creature,zombie,Green,Blue,Red,,,UNCOMMON
1475614,0,1,1,1,1,2,Ravnica,equipment,Talisman,White,,,,,COMMON
1475615,1,3,1,1,3,0,Kaldheim,creature,dwarf,Green,White,,,,UNCOMMON
1475616,0,3,2,3,2,0,Kaldheim,creature,dwarf,Blue,Red,Black,Green,White,UNCOMMON
1475617,3,1,3,3,2,0,Kaldheim,equipment,Bottle,Green,Black,Red,,,UNCOMMON
1475618,1,3,1,3,2,3,DnD,equipment,Ring,Blue,White,,,,RARE
1475619,2,1,2,1,1,2,Kaldheim,equipment,Boots,White,Blue,Red,,,COMMON
1475620,0,3,3,3,0,3,Kamigawa,equipment,Ring,Green,Black,Blue,,,MYTHIC RARE
1475621,3,1,1,1,3,0,Kaldheim,equipment,Ring,Black,Blue,Red,,,MYTHIC RARE
1475622,1,2,3,2,1,1,Innistrad,equipment,Talisman,Blue,White,,,,UNCOMMON
1475623,2,0,0,0,3,1,Ravnica,creature,dwarf,Red,,,,,RARE
1475624,3,0,3,0,1,2,Ravnica,creature,boar,White,Green,,,,COMMON
1475625,3,2,2,3,2,1,Strixhaven,creature,dwarf,White,Black,,,,UNCOMMON
1475626,3,1,0,1,3,2,Kaldheim,creature,boar,Green,Red,Blue,White,,MYTHIC RARE
1475627,0,3,2,1,3,0,Kaldheim,equipment,Talisman,White,Blue,,,,COMMON
1475628,3,1,2,3,2,0,DnD,equipment,Talisman,Red,Black,Green,,,UNCOMMON
1475629,2,1,1,1,0,0,Kaldheim,creature,elf,White,,,,,COMMON
1475630,3,3,2,2,0,1,Strixhaven,equipment,Bottle,Blue,Green,Red,Black,,UNCOMMON
1475631,2,0,3,0,1,1,Kamigawa,creature,human,White,,,,,COMMON
1475632,0,0,2,1,0,0,DnD,creature,dragon,Blue,Black,White,,,MYTHIC RARE
1475633,0,0,0,0,1,1,DnD,equipment,Ring,Green,White,,,,UNCOMMON
1475634,0,0,1,3,0,1,Kamigawa,creature,boar,Black,Blue,,,,MYTHIC RARE
1475635,2,1,1,1,3,2,Kamigawa,creature,human,Green,White,,,,UNCOMMON
1475636,1,3,1,2,0,0,Innistrad,equipment,Sword,Green,,,,,RARE
1475637,1,0,3,2,1,1,Kaldheim,equipment,Boots,Blue,Green,White,,,COMMON
1475638,3,1,2,2,1,0,Innistrad,equipment,Bottle,Red,Green,Blue,White,,RARE
1475639,1,2,2,0,0,0,Kamigawa,equipment,Talisman,White,,,,,UNCOMMON
1475640,1,1,2,2,1,2,DnD,creature,elf,White,Green,Blue,,,UNCOMMON
1475641,2,1,1,1,2,0,Ravnica,creature,human,Black,Blue,,,,UNCOMMON
1475642,1,2,2,2,0,0,Strixhaven,equipment,Boots,Green,Red,,,,COMMON
1475643,1,2,3,3,1,3,Kamigawa,creature,boar,Black,Green,,,,RARE
1475644,0,2,3,2,1,0,Ravnica,equipment,Talisman,Black,White,Red,,,MYTHIC RARE
1475645,2,3,2,2,0,3,Ravnica,creature,zombie,Black,Green,Blue,,,COMMON
1475646,1,0,3,2,0,2,Kaldheim,equipment,Sword,Red,,,,,MYTHIC RARE
1475647,1,2,1,0,3,2,Kaldheim,equipment,Sword,Black,Blue,White,,,RARE
1475648,3,1,3,2,3,0,Strixhaven,equipment,Bottle,White,,,,,MYTHIC RARE
1475649,1,2,2,2,1,0,Kaldheim,equipment,Talisman,White,Black,Blue,Green,,MYTHIC RARE
1475650,2,1,3,1,1,0,DnD,creature,human,Red,Black,White,Green,,MYTHIC RARE
1475651,0,0,2,2,2,2,DnD,creature,dragon,Green,Red,,,,MYTHIC RARE
1475652,3,1,1,2,2,3,Innistrad,creature,boar,Green,Blue,,,,RARE
1475653,0,0,1,2,1,2,Kaldheim,creature,boar,Red,Blue,Green,,,MYTHIC RARE
1475654,0,1,0,2,2,1,Innistrad,equipment,Bottle,Red,,,,,RARE
1475655,0,3,1,3,1,0,Kamigawa,creature,human,Black,Blue,,,,COMMON
1475656,0,1,2,0,2,1,Kaldheim,creature,zombie,Green,,,,,MYTHIC RARE
1475657,1,3,1,0,3,1,Innistrad,creature,elf,White,Black,,,,COMMON
1475658,0,0,1,3,3,0,Ravnica,equipment,Boots,Green,,,,,MYTHIC RARE
1475659,2,0,2,3,1,0,DnD,equipment,Talisman,Black,,,,,MYTHIC RARE
1475660,2,1,3,3,0,0,Kaldheim,creature,boar,White,Blue,Red,Black,,COMMON
1475661,1,0,3,3,3,3,Kamigawa,creature,elf,White,Black,,,,RARE
1475662,0,3,2,1,0,0,DnD,equipment,Talisman,Blue,Black,,,,MYTHIC RARE
1475663,2,3,0,0,0,0,Ravnica,creature,human,Green,Red,,,,MYTHIC RARE
1475664,0,2,2,3,1,2,Innistrad,equipment,Boots,Green,Blue,Red,,,RARE
1475665,0,0,3,1,0,3,Strixhaven,equipment,Bottle,White,Blue,,,,UNCOMMON
1475666,0,0,3,2,2,2,Kaldheim,creature,dwarf,Black,Red,,,,RARE
1475667,2,1,2,3,1,2,Kamigawa,equipment,Talisman,Red,White,Green,,,MYTHIC RARE
1475668,0,1,3,2,3,1,DnD,creature,boar,Green,Blue,,,,COMMON
1475669,3,3,2,2,2,2,Ravnica,creature,dragon,White,Black,Red,,,MYTHIC RARE
1475670,3,2,3,0,0,0,Kamigawa,equipment,Ring,Blue,White,,,,UNCOMMON
1475671,2,3,1,3,2,1,DnD,equipment,Ring,White,,,,,MYTHIC RARE
1475672,2,1,1,3,1,3,Kaldheim,equipment,Boots,Green,,,,,MYTHIC RARE
1475673,1,2,2,2,2,1,Strixhaven,equipment,Boots,White,Red,Black,Blue,,MYTHIC RARE
1475674,3,2,2,3,1,3,Ravnica,equipment,Ring,Blue,,,,,UNCOMMON
1475675,2,0,3,2,3,0,Strixhaven,creature,boar,Black,,,,,COMMON
1475676,3,2,2,3,2,1,Strixhaven,equipment,Talisman,White,Black,Green,,,COMMON
1475677,1,3,0,2,0,0,DnD,creature,dwarf,White,Blue,,,,RARE
1475678,3,2,3,3,1,2,Kamigawa,creature,elf,Blue,,,,,RARE
1475679,0,0,1,0,2,3,Innistrad,equipment,Talisman,Blue,,,,,MYTHIC RARE
1475680,1,3,0,2,0,0,Kaldheim,creature,human,White,Green,,,,RARE
1475681,3,0,1,3,3,2,DnD,equipment,Boots,Green,Blue,White,Red,,COMMON
1475682,0,0,3,3,2,1,Strixhaven,equipment,Ring,Green,Black,,,,UNCOMMON
1475683,1,1,2,0,2,1,Kamigawa,creature,zombie,Black,Green,Blue,Red,,COMMON
1475684,0,1,0,2,2,3,Strixhaven,equipment,Sword,Blue,Green,Red,,,UNCOMMON
1475685,2,0,0,3,2,3,Innistrad,creature,dragon,Green,Blue,Black,White,,MYTHIC RARE
1475686,2,1,0,0,0,3,Strixhaven,creature,dwarf,Green,White,Black,,,RARE
1475687,0,0,1,1,2,0,Ravnica,equipment,Talisman,White,,,,,MYTHIC RARE
1475688,2,0,3,2,1,3,DnD,creature,human,Black,White,Red,,,UNCOMMON
1475689,3,1,1,2,0,1,Strixhaven,equipment,Sword,Black,Red,,,,COMMON
1475690,1,2,0,1,2,2,DnD,equipment,Talisman,Green,,,,,MYTHIC RARE
1475691,3,3,1,0,3,0,Strixhaven,equipment,Ring,Blue,Red,,,,MYTHIC RARE
1475692,0,3,3,2,1,3,Kamigawa,equipment,Sword,Red,,,,,MYTHIC RARE
1475693,0,0,3,1,3,3,Strixhaven,creature,dragon,Red,,,,,UNCOMMON
1475694,3,1,2,1,0,2,Kaldheim,equipment,Bottle,White,Green,,,,RARE
1475695,3,0,2,3,3,2,Kaldheim,creature,human,Green,,,,,COMMON
1475696,3,2,1,1,1,2,Innistrad,creature,boar,Green,,,,,RARE
1475697,2,1,3,2,1,2,DnD,equipment,Sword,Green,White,Black,,,MYTHIC RARE
1475698,2,2,0,1,3,3,DnD,equipment,Ring,Black,Red,White,Blue,,UNCOMMON
1475699,1,0,0,1,3,1,DnD,equipment,Sword,Red,White,Green,,,MYTHIC RARE
1475700,2,2,1,3,3,1,Strixhaven,creature,dragon,White,Green,,,,MYTHIC RARE
1475701,1,2,1,2,1,2,Strixhaven,equipment,Sword,Black,White,,,,MYTHIC RARE
1475702,0,1,3,3,3,3,Strixhaven,equipment,Bottle,Red,Black,,,,RARE
1475703,3,0,2,1,1,2,Kamigawa,equipment,Talisman,White,,,,,RARE
1475704,3,1,1,3,0,2,Strixhaven,creature,dwarf,Red,,,,,RARE
1475705,1,1,3,1,2,0,Kaldheim,equipment,Ring,Blue,,,,,COMMON
1475706,2,1,3,1,3,2,DnD,equipment,Sword,Black,White,Red,,,MYTHIC RARE
1475707,3,3,1,0,0,3,DnD,creature,human,White,Green,Black,,,COMMON
1475708,3,2,2,0,2,3,Ravnica,creature,elf,Green,Blue,,,,MYTHIC RARE
1475709,1,3,3,0,0,2,Ravnica,creature,dragon,Blue,,,,,RARE
1475710,0,3,3,2,1,2,Strixhaven,creature,human,Red,,,,,UNCOMMON
1475711,3,2,0,3,3,2,Innistrad,equipment,Sword,Blue,White,Red,,,MYTHIC RARE
1475712,0,2,3,3,3,1,Kaldheim,creature,dragon,Green,Red,Blue,,,MYTHIC RARE
1475713,3,3,1,3,3,0,Ravnica,equipment,Bottle,Blue,Black,,,,UNCOMMON
1475714,0,3,1,3,2,2,Innistrad,equipment,Ring,Black,Blue,,,,MYTHIC RARE
1475715,2,3,1,3,1,1,Innistrad,equipment,Boots,Blue,White,Black,,,RARE
1475716,3,0,2,3,2,0,Innistrad,equipment,Sword,White,Blue,Black,,,UNCOMMON
1475717,2,0,3,0,3,2,Innistrad,creature,boar,Green,,,,,COMMON
1475718,2,0,1,3,0,1,DnD,equipment,Talisman,Black,,,,,RARE
1475719,3,0,1,3,3,1,Kamigawa,creature,zombie,Red,Black,Blue,,,COMMON
1475720,0,1,3,3,2,0,Innistrad,creature,human,Blue,,,,,RARE
1475721,3,2,2,2,0,3,Kamigawa,equipment,Bottle,Blue,Red,White,Black,,MYTHIC RARE
1475722,0,0,0,0,1,1,DnD,equipment,Bottle,Red,White,,,,UNCOMMON
1475723,0,0,3,1,0,0,Kamigawa,creature,elf,Green,Black,,,,UNCOMMON
1475724,1,0,3,2,2,1,Innistrad,equipment,Talisman,Blue,,,,,COMMON
1475725,2,1,1,1,0,3,Kaldheim,equipment,Ring,Green,,,,,RARE
1475726,3,0,0,3,2,1,DnD,equipment,Bottle,Blue,Green,White,,,UNCOMMON
1475727,3,3,1,1,1,3,Ravnica,equipment,Talisman,White,Blue,Black,,,UNCOMMON
1475728,3,3,1,0,1,3,Ravnica,creature,boar,White,Red,Blue,,,MYTHIC RARE
1475729,0,0,1,3,0,1,Strixhaven,creature,elf,Green,,,,,RARE
1475730,2,0,1,0,1,1,Innistrad,equipment,Sword,White,Blue,Red,,,RARE
1475731,3,1,0,0,2,2,Kamigawa,equipment,Bottle,White,Red,,,,MYTHIC RARE
1475732,2,3,3,3,2,2,Ravnica,equipment,Boots,Black,Green,,,,COMMON
1475733,1,1,2,3,3,3,Strixhaven,creature,dwarf,Blue,Red,White,Green,,UNCOMMON
1475734,1,1,0,1,0,0,Innistrad,creature,boar,Red,Black,,,,UNCOMMON
1475735,0,0,1,0,3,0,Innistrad,creature,elf,Green,,,,,UNCOMMON
1475736,0,3,2,3,2,2,Ravnica,creature,elf,White,Black,,,,UNCOMMON
1475737,0,3,3,2,1,0,Kaldheim,equipment,Boots,White,Blue,,,,MYTHIC RARE
1475738,3,0,1,0,3,2,Ravnica,creature,boar,Blue,Black,Red,,,UNCOMMON
1475739,2,1,1,2,2,3,DnD,equipment,Bottle,Red,Green,Blue,White,,UNCOMMON
1475740,1,0,0,2,2,0,Strixhaven,equipment,Talisman,White,Red,,,,MYTHIC RARE
1475741,0,1,0,0,2,1,Strixhaven,equipment,Ring,Black,Red,Green,,,UNCOMMON
1475742,0,3,3,2,1,0,Innistrad,equipment,Talisman,White,Green,Blue,,,UNCOMMON
1475743,2,3,0,2,2,3,DnD,equipment,Boots,Green,White,Red,,,MYTHIC RARE
1475744,2,0,2,1,1,3,Ravnica,equipment,Ring,Black,Red,,,,UNCOMMON
1475745,3,0,3,1,3,0,Innistrad,equipment,Sword,Blue,Black,White,,,RARE
1475746,0,3,2,0,0,2,Innistrad,equipment,Bottle,White,Red,,,,UNCOMMON
1475747,2,0,1,0,0,2,Kamigawa,creature,zombie,Green,,,,,RARE
1475748,1,2,0,3,3,2,DnD,creature,dwarf,Red,Blue,,,,UNCOMMON
1475749,3,1,1,0,0,2,Ravnica,creature,dwarf,Blue,Black,,,,RARE
1475750,2,0,0,1,0,3,Strixhaven,creature,zombie,Blue,Black,,,,MYTHIC RARE
1475751,1,2,1,2,0,3,Kaldheim,creature,elf,Black,,,,,RARE
1475752,0,2,3,1,3,0,DnD,creature,human,White,Green,,,,RARE
1475753,0,2,2,1,1,1,Kamigawa,creature,dwarf,Green,,,,,UNCOMMON
1475754,3,0,2,0,1,2,Innistrad,equipment,Sword,Red,White,,,,MYTHIC RARE
1475755,3,3,2,0,3,3,DnD,equipment,Bottle,Blue,White,Green,Black,,RARE
1475756,2,1,0,1,0,0,Ravnica,equipment,Bottle,Red,Black,,,,COMMON
1475757,1,0,3,3,3,3,Innistrad,creature,dwarf,Black,,,,,UNCOMMON
1475758,3,2,0,2,2,1,Ravnica,creature,dwarf,Blue,White,Black,Red,,RARE
1475759,1,3,2,0,0,0,Ravnica,equipment,Bottle,Green,,,,,RARE
1475760,3,1,2,1,1,1,Ravnica,equipment,Boots,Blue,Green,Black,,,UNCOMMON
1475761,3,0,1,3,2,3,Kamigawa,creature,elf,Blue,Red,,,,COMMON
1475762,2,0,3,2,0,2,Ravnica,equipment,Ring,White,,,,,UNCOMMON
1475763,3,3,3,3,3,1,Kaldheim,equipment,Talisman,White,Red,Blue,,,RARE
1475764,3,1,2,0,1,0,Strixhaven,creature,boar,Green,White,,,,UNCOMMON
1475765,1,2,0,2,1,1,DnD,equipment,Talisman,White,Red,Black,,,UNCOMMON
1475766,1,1,0,3,1,3,DnD,creature,dwarf,White,Green,,,,UNCOMMON
1475767,1,1,3,2,1,0,Innistrad,equipment,Boots,Red,Black,Green,,,COMMON
1475768,1,3,0,2,2,1,Kaldheim,creature,human,White,Green,,,,MYTHIC RARE
1475769,2,0,2,2,2,2,Ravnica,equipment,Boots,Green,Red,,,,RARE
1475770,1,0,0,1,2,0,Kaldheim,equipment,Boots,White,Black,,,,COMMON
1475771,0,2,3,3,0,0,DnD,equipment,Boots,Red,,,,,RARE
1475772,3,3,0,2,1,0,Kaldheim,creature,zombie,Black,Green,Blue,Red,,COMMON
1475773,1,2,1,0,3,1,Kamigawa,equipment,Sword,White,Green,,,,COMMON
1475774,3,1,3,1,3,1,Innistrad,creature,zombie,Blue,Black,,,,COMMON
1475775,3,3,2,2,2,0,Ravnica,creature,dragon,Blue,White,,,,UNCOMMON
1475776,1,0,3,2,3,1,Kamigawa,equipment,Sword,White,Green,Blue,,,RARE
1475777,2,0,0,3,1,0,DnD,creature,human,White,Green,Black,,,UNCOMMON
1475778,2,1,3,1,2,1,Strixhaven,creature,dragon,Blue,,,,,MYTHIC RARE
1475779,0,3,1,3,1,0,Kaldheim,creature,dragon,Blue,Black,Green,,,RARE
1475780,2,2,3,3,1,0,Kamigawa,equipment,Sword,Red,Green,,,,RARE
1475781,0,1,1,0,2,2,Kaldheim,equipment,Ring,Red,White,,,,COMMON
1475782,3,2,3,1,0,0,Innistrad,creature,dwarf,Green,Blue,Red,White,,UNCOMMON
1475783,1,2,2,2,0,3,Ravnica,creature,elf,Red,Black,Blue,Green,,UNCOMMON
1475784,2,3,1,1,0,2,Ravnica,equipment,Talisman,White,Green,Blue,,,UNCOMMON
1475785,1,0,0,3,1,2,Strixhaven,creature,boar,Black,,,,,COMMON
1475786,2,2,3,1,1,1,Strixhaven,creature,dragon,Blue,Red,,,,RARE
1475787,3,2,2,0,0,3,Kaldheim,equipment,Sword,Red,White,,,,COMMON
1475788,0,0,3,0,1,3,Innistrad,equipment,Bottle,White,Red,,,,RARE
1475789,0,2,3,3,3,3,Kaldheim,equipment,Boots,Blue,White,,,,RARE
1475790,0,0,0,2,2,0,Innistrad,creature,human,Black,Green,Blue,,,MYTHIC RARE
1475791,3,3,1,0,1,3,Kamigawa,creature,human,Green,Black,,,,COMMON
1475792,3,0,0,3,1,1,Kaldheim,equipment,Sword,Blue,Green,,,,COMMON
1475793,2,0,3,1,0,0,Innistrad,equipment,Talisman,Blue,Red,Green,,,RARE
1475794,1,0,1,2,2,0,Ravnica,equipment,Talisman,Red,Blue,White,,,COMMON
1475795,0,2,0,2,2,2,Kamigawa,creature,boar,White,Red,Black,,,COMMON
1475796,1,3,0,3,0,3,Ravnica,equipment,Bottle,Blue,White,,,,RARE
1475797,2,0,0,1,3,0,Strixhaven,equipment,Talisman,Blue,Green,Black,,,MYTHIC RARE
1475798,3,0,2,2,2,3,Innistrad,creature,boar,Black,White,Green,,,RARE
1475799,1,2,3,3,2,1,Innistrad,creature,dwarf,Blue,Red,,,,COMMON
1475800,1,0,2,3,3,0,Kamigawa,creature,human,Green,Blue,,,,UNCOMMON
1475801,0,0,2,0,3,3,Kaldheim,equipment,Bottle,Red,Green,Blue,,,COMMON
1475802,0,3,1,1,3,0,Strixhaven,equipment,Talisman,Red,Green,,,,MYTHIC RARE
1475803,2,3,0,0,0,0,Ravnica,creature,dragon,Blue,Green,,,,UNCOMMON
1475804,1,1,2,1,2,2,Ravnica,creature,dwarf,White,Red,,,,UNCOMMON
1475805,3,1,2,2,1,3,Ravnica,creature,dragon,Blue,Green,Red,,,UNCOMMON
1475806,2,1,0,2,3,3,Innistrad,creature,dragon,Green,White,Red,,,RARE
1475807,3,3,2,2,2,0,Strixhaven,equipment,Sword,Red,Black,,,,COMMON
1475808,0,3,0,0,1,1,Kaldheim,creature,dwarf,Black,Green,White,,,COMMON
1475809,0,1,0,0,0,1,Ravnica,creature,boar,Black,Green,Red,,,COMMON
1475810,1,1,0,2,1,3,Innistrad,creature,dwarf,Red,White,,,,RARE
1475811,1,1,2,0,0,3,Ravnica,equipment,Boots,Red,,,,,MYTHIC RARE
1475812,1,0,2,2,1,0,Kamigawa,equipment,Ring,Green,White,,,,UNCOMMON
1475813,3,3,0,1,1,0,Kamigawa,creature,dragon,Red,,,,,COMMON
1475814,0,2,0,3,1,1,Kamigawa,equipment,Talisman,White,Black,Blue,Red,,UNCOMMON
1475815,0,2,3,0,3,2,DnD,equipment,Boots,Red,White,Black,,,MYTHIC RARE
1475816,1,0,1,0,3,0,Kaldheim,creature,human,White,Red,Black,,,UNCOMMON
1475817,0,0,3,3,1,1,Kaldheim,equipment,Bottle,White,Blue,,,,MYTHIC RARE
1475818,1,1,1,3,2,2,Ravnica,creature,elf,Black,Blue,Red,,,MYTHIC RARE
1475819,2,2,3,0,1,2,Kaldheim,equipment,Ring,Blue,Black,Green,,,MYTHIC RARE
1475820,3,3,3,3,2,3,Kaldheim,equipment,Bottle,White,Red,Green,Blue,,COMMON
1475821,2,0,1,0,0,2,Kaldheim,equipment,Ring,Black,White,,,,RARE
1475822,1,0,1,2,1,3,Kamigawa,equipment,Bottle,Blue,,,,,COMMON
1475823,2,0,2,2,2,1,Innistrad,equipment,Talisman,Black,Green,,,,COMMON
1475824,0,3,0,1,3,0,Ravnica,creature,boar,Green,,,,,UNCOMMON
1475825,3,2,0,1,1,2,Innistrad,equipment,Talisman,Blue,,,,,MYTHIC RARE
1475826,0,0,2,2,2,3,Ravnica,equipment,Ring,Red,,,,,MYTHIC RARE
1475827,3,1,2,2,3,3,Kamigawa,equipment,Talisman,Black,Green,,,,UNCOMMON
1475828,3,3,0,3,0,1,DnD,equipment,Ring,Blue,Black,,,,COMMON
1475829,3,1,0,2,2,3,Strixhaven,equipment,Bottle,Red,White,Green,Blue,,UNCOMMON
1475830,1,2,1,1,0,1,Ravnica,equipment,Talisman,Red,,,,,UNCOMMON
1475831,0,0,2,2,0,0,Strixhaven,equipment,Ring,Blue,,,,,RARE
1475832,2,1,3,1,0,3,Strixhaven,creature,elf,Blue,,,,,COMMON
1475833,3,3,0,3,1,2,Kamigawa,equipment,Ring,Blue,Red,,,,COMMON
1475834,1,3,0,0,1,3,Ravnica,equipment,Boots,Red,Blue,White,,,UNCOMMON
1475835,0,2,1,2,1,2,Strixhaven,creature,dwarf,White,Green,Blue,,,RARE
1475836,2,2,1,2,0,3,Kaldheim,equipment,Boots,White,Green,Blue,,,RARE
1475837,1,3,1,2,1,3,Innistrad,equipment,Talisman,Blue,,,,,UNCOMMON
1475838,3,2,2,2,0,1,Ravnica,equipment,Sword,Blue,Black,White,,,RARE
1475839,1,0,0,0,1,3,Innistrad,equipment,Boots,Blue,White,Red,,,UNCOMMON
1475840,1,1,3,3,1,0,DnD,creature,human,White,Green,,,,MYTHIC RARE
1475841,1,3,3,1,0,3,Innistrad,equipment,Sword,Black,,,,,COMMON
1475842,3,3,1,3,3,0,Kaldheim,equipment,Ring,White,Red,,,,UNCOMMON
1475843,2,0,3,1,2,1,Ravnica,equipment,Talisman,Black,Green,,,,UNCOMMON
1475844,3,3,3,0,0,3,Innistrad,equipment,Sword,Green,Blue,White,Red,,UNCOMMON
1475845,0,1,0,2,3,0,Strixhaven,equipment,Bottle,Black,Red,Green,,,COMMON
1475846,3,1,0,1,3,2,Ravnica,equipment,Bottle,Red,White,,,,MYTHIC RARE
1475847,3,1,2,1,0,3,Ravnica,equipment,Bottle,Green,Black,White,Red,,COMMON
1475848,3,2,3,2,3,2,Kamigawa,creature,boar,Black,Green,,,,UNCOMMON
1475849,3,2,3,2,1,3,Kaldheim,creature,human,Red,Black,Green,,,COMMON
1475850,2,1,2,0,0,0,Ravnica,creature,boar,White,Green,,,,COMMON
1475851,1,0,2,1,0,2,Ravnica,equipment,Sword,Green,Blue,Red,White,,RARE
1475852,2,0,1,0,0,2,Ravnica,equipment,Bottle,Red,Green,,,,COMMON
1475853,3,3,1,0,0,2,Strixhaven,equipment,Boots,Red,Green,White,,,UNCOMMON
1475854,3,2,0,3,1,3,Strixhaven,equipment,Talisman,Red,Green,,,,MYTHIC RARE
1475855,0,0,3,0,0,0,Strixhaven,equipment,Bottle,Red,Blue,Black,,,UNCOMMON
1475856,1,0,0,1,2,1,Innistrad,creature,elf,Red,Blue,Black,Green,,UNCOMMON
1475857,2,2,3,0,3,1,DnD,equipment,Boots,Blue,Green,,,,MYTHIC RARE
1475858,2,1,3,2,0,1,Kamigawa,equipment,Ring,Blue,,,,,COMMON
1475859,1,2,3,2,3,1,Innistrad,creature,dragon,Green,Black,White,,,RARE
1475860,1,2,1,1,0,3,Kaldheim,creature,zombie,Green,,,,,RARE
1475861,0,1,1,0,3,1,DnD,creature,zombie,Green,Black,Red,,,COMMON
1475862,2,2,0,2,2,2,Innistrad,creature,zombie,Black,Blue,,,,MYTHIC RARE
1475863,3,0,3,3,0,1,Kaldheim,creature,dwarf,Green,,,,,MYTHIC RARE
1475864,0,1,2,3,1,3,Ravnica,creature,zombie,Green,Black,,,,COMMON
1475865,0,3,1,3,2,3,Ravnica,equipment,Sword,White,,,,,RARE
1475866,1,1,3,3,1,3,Kaldheim,creature,dwarf,White,Blue,Green,,,UNCOMMON
1475867,1,1,2,3,2,3,Innistrad,equipment,Sword,Blue,Red,,,,RARE
1475868,2,2,3,1,1,3,Kamigawa,creature,dwarf,Black,,,,,UNCOMMON
1475869,2,0,0,1,3,3,Kaldheim,equipment,Sword,White,,,,,MYTHIC RARE
1475870,2,1,3,1,2,3,Innistrad,creature,elf,White,Red,Black,,,RARE
1475871,0,1,0,3,1,2,Kaldheim,creature,dragon,Green,,,,,UNCOMMON
1475872,2,2,2,3,2,2,Kamigawa,creature,elf,Blue,Green,,,,MYTHIC RARE
1475873,2,3,3,2,0,1,Ravnica,equipment,Boots,Green,Red,White,Blue,,COMMON
1475874,3,2,3,3,3,0,DnD,creature,human,Green,,,,,RARE
1475875,2,1,1,2,0,0,Innistrad,creature,elf,Green,Black,Red,,,UNCOMMON
1475876,3,1,2,0,1,0,Innistrad,equipment,Boots,Red,White,,,,RARE
1475877,1,1,0,1,2,2,Innistrad,creature,human,Black,,,,,COMMON
1475878,1,2,2,1,2,0,Innistrad,equipment,Boots,Red,,,,,COMMON
1475879,2,1,3,3,1,3,Ravnica,creature,elf,Red,Blue,Green,,,RARE
1475880,0,3,1,3,3,2,Kamigawa,creature,dwarf,Red,White,Green,Black,,COMMON
1475881,1,2,0,1,3,2,Kamigawa,equipment,Ring,White,Green,Red,Black,,COMMON
1475882,1,0,2,2,1,1,Kaldheim,equipment,Talisman,Green,Black,,,,RARE
1475883,2,3,1,0,1,2,DnD,creature,dwarf,Blue,Black,Green,Red,,UNCOMMON
1475884,1,2,1,0,2,0,Innistrad,equipment,Sword,Blue,,,,,MYTHIC RARE
1475885,2,0,3,0,3,2,Ravnica,creature,boar,Red,Black,Blue,,,UNCOMMON
1475886,1,0,1,3,0,2,Strixhaven,creature,zombie,Black,White,,,,MYTHIC RARE
1475887,3,3,2,1,0,3,Ravnica,creature,zombie,White,Blue,Red,Green,,MYTHIC RARE
1475888,2,0,3,3,2,2,Kaldheim,equipment,Talisman,Blue,Green,White,,,RARE
1475889,0,2,1,0,0,1,Kamigawa,creature,human,Blue,Green,White,,,UNCOMMON
1475890,2,1,1,1,0,2,Innistrad,creature,boar,White,Red,,,,COMMON
1475891,1,1,2,1,2,3,Kaldheim,creature,zombie,Red,Blue,Black,,,UNCOMMON
1475892,1,3,3,3,1,1,DnD,equipment,Bottle,White,Blue,Green,,,COMMON
1475893,0,0,0,1,0,2,Innistrad,creature,dragon,Green,Black,White,,,COMMON
1475894,2,2,2,0,2,2,DnD,equipment,Bottle,Black,,,,,UNCOMMON
1475895,2,1,3,2,3,3,Ravnica,equipment,Bottle,Red,,,,,RARE
1475896,1,1,0,1,1,3,Kaldheim,creature,human,Black,White,,,,COMMON
1475897,2,2,0,2,3,1,Kaldheim,equipment,Talisman,Blue,Black,,,,UNCOMMON
1475898,3,1,1,2,1,2,Innistrad,creature,boar,Blue,,,,,MYTHIC RARE
1475899,3,0,1,1,1,1,Kaldheim,creature,zombie,Black,Red,,,,RARE
1475900,1,2,3,3,3,3,Kaldheim,creature,boar,Red,Green,,,,COMMON
1475901,1,3,3,1,3,1,Kamigawa,equipment,Sword,Red,White,,,,RARE
1475902,1,1,0,1,3,2,Ravnica,creature,human,Blue,,,,,UNCOMMON
1475903,2,3,3,2,3,2,DnD,creature,dwarf,Green,,,,,COMMON
1475904,0,1,2,0,1,3,Innistrad,equipment,Bottle,Green,,,,,MYTHIC RARE
1475905,3,2,0,3,2,2,Strixhaven,creature,dwarf,White,Green,Blue,,,UNCOMMON
1475906,2,0,1,2,0,3,Innistrad,creature,elf,White,Blue,Green,,,RARE
1475907,1,3,3,1,1,1,Ravnica,creature,elf,Red,,,,,RARE
1475908,3,3,2,0,2,0,DnD,equipment,Talisman,Black,Blue,Green,,,MYTHIC RARE
1475909,3,2,3,2,0,0,Ravnica,equipment,Sword,White,Blue,,,,MYTHIC RARE
1475910,2,3,3,0,2,1,Strixhaven,creature,dragon,Red,Blue,White,,,UNCOMMON
1475911,0,3,0,2,0,1,Ravnica,creature,elf,Red,White,Green,,,MYTHIC RARE
1475912,0,2,1,1,1,2,Kaldheim,equipment,Boots,Green,White,Black,,,MYTHIC RARE
1475913,1,0,1,3,3,1,Innistrad,equipment,Ring,White,,,,,RARE
1475914,1,0,3,0,1,0,Kamigawa,equipment,Boots,Black,,,,,MYTHIC RARE
1475915,2,2,2,1,0,1,Ravnica,equipment,Sword,White,Black,,,,RARE
1475916,1,2,3,3,2,2,Innistrad,creature,human,Black,Green,White,Blue,Red,UNCOMMON
1475917,3,3,0,1,1,3,Ravnica,creature,human,Red,Black,Green,,,RARE
1475918,1,1,0,3,0,1,Ravnica,creature,dwarf,Green,Black,White,,,UNCOMMON
1475919,3,2,2,0,2,2,Kamigawa,creature,dwarf,Green,White,Blue,,,RARE
1475920,0,3,2,1,2,3,DnD,equipment,Sword,Blue,Black,White,Red,,MYTHIC RARE
1475921,3,3,2,1,2,2,Kaldheim,equipment,Boots,Blue,Red,,,,RARE
1475922,2,3,1,3,3,1,Innistrad,creature,human,Red,Blue,,,,UNCOMMON
1475923,3,2,1,2,3,0,Strixhaven,equipment,Talisman,Black,Green,Blue,,,RARE
1475924,0,2,3,2,3,3,DnD,creature,boar,Green,,,,,UNCOMMON
1475925,0,3,0,1,1,3,Kaldheim,equipment,Talisman,Green,Blue,Red,,,COMMON
1475926,0,3,1,2,3,3,Ravnica,equipment,Talisman,Red,Blue,White,,,MYTHIC RARE
1475927,0,0,0,0,2,1,Kaldheim,creature,dwarf,White,Green,Red,Black,,COMMON
1475928,3,2,1,3,0,2,Strixhaven,equipment,Bottle,Blue,Black,White,,,COMMON
1475929,1,0,1,3,0,3,Strixhaven,equipment,Ring,Black,White,Blue,Red,,UNCOMMON
1475930,3,1,1,0,2,1,Kamigawa,creature,zombie,White,Green,Red,,,MYTHIC RARE
1475931,3,1,3,1,1,1,Kamigawa,creature,dwarf,Green,Black,,,,MYTHIC RARE
1475932,2,1,1,2,1,2,Strixhaven,creature,dragon,Red,Black,,,,RARE
1475933,1,1,0,2,0,2,Ravnica,equipment,Bottle,Green,Red,,,,UNCOMMON
1475934,1,2,3,1,1,0,Kamigawa,creature,zombie,Blue,Red,,,,MYTHIC RARE
1475935,2,2,1,3,3,2,Kaldheim,equipment,Talisman,White,Green,Black,,,COMMON
1475936,1,2,1,0,3,2,Kaldheim,equipment,Ring,White,Black,,,,RARE
1475937,3,2,1,1,1,2,Kaldheim,creature,dwarf,Blue,Green,Black,Red,,RARE
1475938,2,2,3,1,1,1,DnD,creature,dwarf,Red,Black,Blue,White,,UNCOMMON
1475939,0,1,1,1,0,3,Innistrad,equipment,Talisman,Black,Red,Green,Blue,,RARE
1475940,0,2,0,0,2,0,Strixhaven,equipment,Ring,Green,Blue,Black,,,UNCOMMON
1475941,3,0,1,1,2,3,DnD,creature,zombie,White,,,,,UNCOMMON
1475942,0,1,0,0,0,1,DnD,creature,dragon,Red,Blue,,,,RARE
1475943,1,1,0,3,0,3,Kaldheim,creature,dwarf,Blue,,,,,UNCOMMON
1475944,0,0,3,0,3,3,Kamigawa,equipment,Bottle,Black,,,,,RARE
1475945,1,3,3,1,1,3,Ravnica,equipment,Sword,Red,,,,,MYTHIC RARE
1475946,2,3,3,2,1,3,Kamigawa,creature,boar,White,Black,Blue,Green,Red,COMMON
1475947,0,3,3,1,2,0,Kamigawa,creature,dwarf,White,,,,,MYTHIC RARE
1475948,2,3,3,3,3,0,Kamigawa,creature,dragon,Blue,Red,,,,COMMON
1475949,1,0,0,0,1,1,Kamigawa,creature,boar,Green,White,,,,COMMON
1475950,3,2,1,3,2,0,Strixhaven,creature,zombie,Green,Black,Red,Blue,,UNCOMMON
1475951,1,0,1,3,2,2,Strixhaven,equipment,Sword,Blue,Black,,,,UNCOMMON
1475952,2,2,2,1,3,0,Ravnica,creature,human,Black,,,,,UNCOMMON
1475953,0,0,1,3,3,2,Innistrad,equipment,Boots,Blue,,,,,UNCOMMON
1475954,0,2,0,1,3,0,Strixhaven,equipment,Boots,Green,Black,Red,,,UNCOMMON
1475955,1,2,1,2,0,1,Innistrad,equipment,Ring,Green,,,,,MYTHIC RARE
1475956,1,0,0,1,0,1,Kamigawa,creature,human,Green,Blue,Black,Red,,UNCOMMON
1475957,0,1,0,1,3,3,Innistrad,equipment,Talisman,Red,Green,White,,,UNCOMMON
1475958,3,2,2,0,3,1,Innistrad,creature,elf,Red,,,,,COMMON
1475959,1,2,2,3,2,1,Kamigawa,equipment,Talisman,White,Black,,,,COMMON
1475960,2,1,2,0,0,1,Ravnica,creature,dragon,White,,,,,RARE
1475961,0,2,3,3,3,3,Innistrad,creature,elf,Red,,,,,UNCOMMON
1475962,0,1,1,1,2,3,Ravnica,equipment,Bottle,Green,Blue,White,,,MYTHIC RARE
1475963,3,1,0,0,0,2,Ravnica,equipment,Boots,Red,White,Black,,,RARE
1475964,1,3,1,3,0,0,Kaldheim,equipment,Boots,Green,Red,White,,,UNCOMMON
1475965,1,3,2,2,3,2,Kaldheim,creature,dragon,Blue,Green,Red,,,MYTHIC RARE
1475966,0,3,0,1,0,3,Kaldheim,creature,human,White,,,,,MYTHIC RARE
1475967,2,0,3,1,0,2,Ravnica,creature,dragon,White,Blue,Green,Black,Red,RARE
1475968,0,2,0,1,2,2,Ravnica,creature,elf,White,,,,,MYTHIC RARE
1475969,0,2,2,2,2,0,Strixhaven,creature,boar,Blue,Red,Green,Black,,COMMON
1475970,0,0,3,3,3,3,Ravnica,equipment,Bottle,Blue,Green,,,,COMMON
1475971,0,0,0,1,1,0,Innistrad,creature,human,Blue,Red,White,Green,,RARE
1475972,2,1,3,2,3,0,Kamigawa,equipment,Ring,Green,Black,Blue,,,RARE
1475973,1,3,1,1,1,0,DnD,creature,dwarf,White,Blue,Green,Red,,COMMON
1475974,2,3,3,0,0,1,Kamigawa,creature,human,Blue,White,Black,,,UNCOMMON
1475975,2,2,2,1,2,3,Kaldheim,creature,dragon,White,Red,Green,,,UNCOMMON
1475976,3,3,3,3,1,0,Ravnica,equipment,Sword,Red,,,,,COMMON
1475977,1,2,3,0,1,3,Strixhaven,equipment,Boots,Blue,Red,,,,UNCOMMON
1475978,1,0,0,0,3,2,Kamigawa,creature,human,Blue,,,,,MYTHIC RARE
1475979,1,0,0,3,3,2,DnD,equipment,Bottle,Red,White,Blue,,,UNCOMMON
1475980,2,0,3,2,3,1,DnD,equipment,Sword,Black,White,,,,UNCOMMON
1475981,1,3,3,2,3,3,Kaldheim,equipment,Talisman,White,,,,,COMMON
1475982,3,0,3,3,0,3,Kamigawa,equipment,Sword,Black,White,,,,RARE
1475983,2,3,2,1,1,3,Strixhaven,equipment,Talisman,Green,Black,Blue,,,RARE
1475984,3,1,1,2,0,1,Kaldheim,creature,elf,Blue,Black,,,,COMMON
1475985,0,1,3,1,3,3,DnD,equipment,Talisman,Green,Red,,,,MYTHIC RARE
1475986,0,0,2,1,2,0,Innistrad,equipment,Bottle,Black,,,,,RARE
1475987,0,3,0,1,1,0,Strixhaven,equipment,Bottle,Blue,White,Black,,,RARE
1475988,0,2,2,0,2,3,Innistrad,equipment,Talisman,Black,Blue,,,,RARE
1475989,0,0,1,2,3,0,Kaldheim,creature,human,Blue,Red,Green,,,COMMON
1475990,2,1,1,1,3,2,DnD,creature,zombie,White,Red,,,,RARE
1475991,1,0,0,2,2,3,Kaldheim,creature,dragon,Blue,Green,,,,MYTHIC RARE
1475992,0,3,0,0,1,0,DnD,equipment,Boots,Black,Red,Blue,,,COMMON
1475993,0,2,3,1,3,0,Strixhaven,equipment,Ring,Blue,White,,,,COMMON
1475994,0,0,2,1,2,0,Kamigawa,creature,zombie,Blue,Red,Green,,,COMMON
1475995,3,1,3,1,2,3,Ravnica,equipment,Talisman,Blue,,,,,UNCOMMON
1475996,2,1,0,2,1,0,Innistrad,creature,human,White,Blue,,,,RARE
1475997,0,2,2,0,1,3,Strixhaven,creature,boar,Black,White,Red,,,MYTHIC RARE
1475998,1,2,3,3,3,1,Strixhaven,creature,dwarf,Green,Blue,Black,,,MYTHIC RARE
1475999,2,1,3,1,2,2,Innistrad,creature,zombie,Black,,,,,COMMON
