1588000,0,1,3,1,0,2,Kaldheim,equipment,Talisman,Green,Red,,,,RARE
1588001,2,2,2,2,1,0,Ravnica,creature,elf,White,Green,Blue,,,COMMON
1588002,3,1,0,1,3,3,Kaldheim,equipment,Ring,White,Black,,,,UNCOMMON
1588003,2,0,1,3,2,2,Strixhaven,creature,elf,White,Red,Black,,,RARE
1588004,2,2,3,2,2,0,Ravnica,equipment,Boots,Black,Red,White,Green,,RARE
1588005,1,1,2,0,2,3,Ravnica,equipment,Ring,Blue,Red,,,,UNCOMMON
1588006,0,1,3,2,0,0,Kamigawa,creature,boar,Black,White,Blue,,,COMMON
1588007,0,3,2,2,2,1,Strixhaven,equipment,Boots,White,,,,,COMMON
1588008,2,0,3,3,2,0,Innistrad,creature,elf,Red,,,,,MYTHIC RARE
1588009,0,0,0,2,1,0,DnD,creature,elf,Black,Red,,,,COMMON
1588010,2,0,3,3,1,1,Kamigawa,creature,elf,White,Green,Blue,,,RARE
1588011,3,1,1,0,3,2,DnD,equipment,Sword,Red,Blue,White,,,COMMON
1588012,2,0,2,3,3,3,DnD,equipment,Talisman,Blue,Green,,,,RARE
1588013,2,3,2,0,0,1,Ravnica,creature,zombie,White,Green,,,,RARE
1588014,1,2,3,3,0,0,Strixhaven,equipment,Sword,Green,Black,,,,UNCOMMON
1588015,2,1,3,0,1,2,Ravnica,creature,human,Blue,Green,,,,UNCOMMON
1588016,2,2,2,2,0,3,Kamigawa,equipment,Ring,Red,Green,Blue,White,,RARE
1588017,0,3,2,3,0,3,Ravnica,creature,zombie,Red,Blue,Green,Black,,UNCOMMON
1588018,0,3,0,3,2,2,Kamigawa,creature,zombie,Black,Green,White,,,MYTHIC RARE
1588019,2,2,0,2,3,1,Kaldheim,creature,human,Green,,,,,COMMON
1588020,2,3,2,3,3,3,Innistrad,creature,human,Black,Red,Green,,,COMMON
1588021,2,2,0,2,3,3,Ravnica,equipment,Bottle,Blue,Red,Green,,,RARE
1588022,3,1,3,2,2,0,Innistrad,creature,zombie,Black,,,,,COMMON
1588023,3,3,2,2,3,3,Kaldheim,creature,human,Black,Red,,,,UNCOMMON
1588024,1,3,3,2,3,3,Kamigawa,creature,dragon,White,Red,Blue,,,RARE
1588025,1,0,1,2,2,3,Kaldheim,equipment,Boots,Black,White,Green,Blue,Red,COMMON
1588026,2,3,2,1,3,2,Ravnica,creature,zombie,Red,White,Blue,Black,,UNCOMMON
1588027,3,0,3,2,3,3,Strixhaven,creature,boar,White,Black,Red,,,UNCOMMON
1588028,1,1,0,1,3,0,Innistrad,equipment,Talisman,Black,White,,,,MYTHIC RARE
1588029,0,0,2,0,2,2,DnD,equipment,Boots,Blue,,,,,COMMON
1588030,1,0,0,1,2,2,DnD,equipment,Boots,White,Green,Blue,Red,Black,RARE
1588031,2,3,3,0,1,2,Kamigawa,equipment,Ring,Black,Red,White,Blue,,MYTHIC RARE
1588032,3,1,0,1,3,3,Kamigawa,creature,dwarf,White,Blue,Black,,,COMMON
1588033,1,0,2,2,1,2,Strixhaven,creature,dragon,Blue,Red,,,,RARE
1588034,3,0,2,0,2,1,Innistrad,creature,zombie,Red,Black,Green,White,,COMMON
1588035,2,0,3,0,1,2,DnD,creature,boar,Red,Green,,,,UNCOMMON
1588036,2,3,2,2,3,0,Kaldheim,equipment,Boots,White,Black,,,,MYTHIC RARE
1588037,1,0,1,1,3,2,Strixhaven,creature,zombie,Red,,,,,MYTHIC RARE
1588038,1,2,0,3,1,3,Ravnica,creature,boar,Blue,Green,,,,UNCOMMON
1588039,3,2,2,3,0,1,Kaldheim,equipment,Talisman,Green,Red,Blue,Black,,MYTHIC RARE
1588040,0,2,3,3,3,2,Kamigawa,creature,zombie,White,Blue,,,,COMMON
1588041,3,3,3,3,0,1,Kaldheim,equipment,Bottle,Black,Blue,Green,Red,,RARE
1588042,2,0,3,0,0,0,Strixhaven,creature,dwarf,Red,Green,White,,,RARE
1588043,3,1,3,0,0,0,Ravnica,creature,boar,Red,Green,,,,MYTHIC RARE
1588044,3,0,2,1,3,3,Kamigawa,creature,elf,Blue,Red,,,,RARE
1588045,0,2,0,2,3,2,Strixhaven,equipment,Sword,Black,Red,Green,,,MYTHIC RARE
1588046,3,2,1,2,2,0,DnD,equipment,Boots,Black,,,,,MYTHIC RARE
1588047,0,2,1,1,0,0,Innistrad,equipment,Sword,Green,Blue,White,Red,,UNCOMMON
1588048,1,3,3,2,3,0,Kamigawa,equipment,Bottle,White,,,,,UNCOMMON
1588049,0,1,2,0,2,0,Kaldheim,creature,zombie,White,,,,,COMMON
1588050,3,2,3,2,3,1,Kamigawa,equipment,Boots,Red,Black,,,,COMMON
1588051,3,1,2,0,1,3,DnD,equipment,Sword,Blue,White,,,,RARE
1588052,2,2,2,0,1,0,Ravnica,creature,zombie,Red,Blue,,,,COMMON
1588053,2,0,1,3,3,1,Strixhaven,creature,elf,White,Red,Blue,,,COMMON
1588054,0,1,2,2,0,1,Ravnica,equipment,Talisman,White,,,,,RARE
1588055,1,0,0,2,1,0,Strixhaven,equipment,Talisman,Blue,Red,Green,,,MYTHIC RARE
1588056,2,1,2,1,2,3,Kamigawa,equipment,Bottle,Green,Blue,White,,,MYTHIC RARE
1588057,3,1,1,0,1,0,Strixhaven,creature,elf,Green,Red,,,,UNCOMMON
1588058,1,3,1,1,2,0,Strixhaven,equipment,Boots,Blue,Black,,,,RARE
1588059,3,3,3,3,3,3,Kaldheim,creature,zombie,Blue,Red,Black,,,UNCOMMON
1588060,3,1,0,0,0,0,DnD,equipment,Boots,Green,Red,,,,MYTHIC RARE
1588061,0,3,2,1,0,1,Ravnica,equipment,Ring,Blue,White,,,,COMMON
1588062,2,1,2,2,3,1,Kamigawa,equipment,Talisman,Red,Black,Green,,,RARE
1588063,2,3,0,1,3,2,DnD,equipment,Talisman,Black,Blue,,,,MYTHIC RARE
1588064,0,2,3,3,3,0,Innistrad,creature,dragon,Green,Red,Black,,,MYTHIC RARE
1588065,1,3,2,0,2,3,Strixhaven,equipment,Bottle,White,Black,Red,,,COMMON
1588066,1,0,3,1,2,0,Ravnica,creature,boar,Blue,,,,,UNCOMMON
1588067,3,3,2,0,2,2,Ravnica,equipment,Bottle,Blue,Black,,,,RARE
1588068,0,3,3,0,2,1,Innistrad,creature,elf,Black,Blue,Red,,,MYTHIC RARE
1588069,3,3,2,1,2,3,Kaldheim,equipment,Ring,Black,,,,,RARE
1588070,1,1,3,3,3,0,Kaldheim,equipment,Bottle,White,Red,,,,RARE
1588071,0,3,1,2,1,0,Ravnica,equipment,Bottle,Green,Blue,,,,UNCOMMON
1588072,1,1,1,3,1,2,Strixhaven,creature,human,Black,White,Red,Blue,,UNCOMMON
1588073,1,1,2,3,2,0,DnD,equipment,Bottle,White,,,,,RARE
1588074,3,2,3,2,3,0,DnD,equipment,Sword,Green,White,,,,COMMON
1588075,2,2,3,1,3,0,Ravnica,equipment,Sword,Green,,,,,COMMON
1588076,2,1,2,2,0,2,Kamigawa,creature,elf,Red,,,,,COMMON
1588077,3,0,0,3,2,3,DnD,creature,elf,Blue,Green,White,Red,,RARE
1588078,2,1,3,1,3,3,Strixhaven,creature,human,Black,,,,,UNCOMMON
1588079,3,3,1,2,1,3,DnD,equipment,Bottle,Blue,White,,,,RARE
1588080,1,0,1,1,1,1,Kaldheim,creature,dragon,Blue,White,Black,Red,,COMMON
1588081,1,1,3,0,1,2,Innistrad,creature,dragon,Red,,,,,MYTHIC RARE
1588082,3,2,1,1,2,2,Ravnica,creature,zombie,Black,Green,,,,UNCOMMON
1588083,3,3,3,3,0,2,Ravnica,equipment,Boots,Green,,,,,COMMON
1588084,0,0,0,0,0,3,Innistrad,creature,zombie,Blue,Green,,,,UNCOMMON
1588085,3,1,3,2,0,3,Innistrad,equipment,Boots,Red,,,,,MYTHIC RARE
1588086,0,1,0,1,0,1,DnD,creature,human,Blue,Black,Green,White,,UNCOMMON
1588087,3,0,1,3,1,0,DnD,equipment,Ring,Black,,,,,UNCOMMON
1588088,1,3,1,0,2,3,Kaldheim,equipment,Boots,Blue,,,,,RARE
1588089,0,2,0,0,3,3,Kamigawa,equipment,Bottle,Black,White,,,,MYTHIC RARE
1588090,0,3,1,0,2,1,Ravnica,creature,zombie,Green,Red,,,,UNCOMMON
1588091,3,2,1,2,1,3,DnD,equipment,Ring,Black,Green,,,,COMMON
1588092,2,1,0,0,2,2,Kaldheim,creature,human,White,Blue,Red,,,MYTHIC RARE
1588093,0,2,2,0,0,1,Strixhaven,equipment,Sword,Blue,White,,,,UNCOMMON
1588094,3,1,1,0,1,1,Ravnica,creature,dwarf,Green,,,,,COMMON
1588095,0,0,3,1,1,3,Kamigawa,equipment,Bottle,Black,White,Green,Blue,,UNCOMMON
1588096,2,3,3,2,1,3,Kaldheim,equipment,Sword,Green,Blue,Red,White,,MYTHIC RARE
1588097,2,1,0,0,1,3,Innistrad,creature,zombie,Green,Black,Blue,,,RARE
1588098,1,2,0,1,2,3,DnD,creature,human,Red,White,,,,RARE
1588099,3,2,1,2,1,2,Ravnica,equipment,Sword,Green,Blue,White,Black,,RARE
1588100,2,2,1,2,1,2,Kaldheim,creature,elf,Black,,,,,MYTHIC RARE
1588101,1,1,3,1,3,0,Kamigawa,creature,elf,White,Red,Green,,,COMMON
1588102,2,0,0,1,0,2,DnD,equipment,Sword,White,,,,,MYTHIC RARE
1588103,2,0,1,1,3,3,Kamigawa,equipment,Talisman,Blue,Red,,,,COMMON
1588104,3,0,1,0,0,2,Innistrad,creature,elf,Black,,,,,COMMON
1588105,1,1,1,2,3,2,Ravnica,creature,zombie,White,Red,Green,Blue,,RARE
1588106,0,2,2,3,3,3,Kaldheim,creature,boar,Blue,,,,,UNCOMMON
1588107,2,2,3,0,1,3,Innistrad,equipment,Ring,Red,,,,,MYTHIC RARE
1588108,0,1,2,3,3,1,Innistrad,creature,dwarf,White,Red,,,,UNCOMMON
1588109,0,1,0,2,0,0,Kaldheim,equipment,Boots,Green,,,,,UNCOMMON
1588110,0,3,0,3,2,1,Kaldheim,creature,elf,Red,,,,,UNCOMMON
1588111,3,0,2,2,2,2,Kamigawa,equipment,Sword,Black,White,Blue,Red,,MYTHIC RARE
1588112,0,0,3,1,1,1,Kaldheim,equipment,Ring,Black,Blue,,,,MYTHIC RARE
1588113,2,3,1,0,3,2,Kamigawa,equipment,Talisman,Blue,,,,,RARE
1588114,0,2,0,2,0,1,Strixhaven,creature,dwarf,Green,,,,,MYTHIC RARE
1588115,1,1,3,1,0,1,Strixhaven,equipment,Sword,Blue,Green,Red,White,,COMMON
1588116,1,3,2,0,3,0,Innistrad,equipment,Talisman,Blue,Red,,,,RARE
1588117,0,3,1,3,1,1,Ravnica,equipment,Boots,Red,,,,,MYTHIC RARE
1588118,1,3,1,2,3,3,DnD,equipment,Ring,White,Blue,Black,,,COMMON
1588119,3,0,1,3,1,1,Strixhaven,creature,human,Black,Green,White,Blue,,MYTHIC RARE
1588120,2,1,3,2,1,2,Kamigawa,creature,boar,White,Black,Red,Green,,RARE
1588121,0,0,1,0,0,1,Ravnica,equipment,Sword,Blue,Black,,,,MYTHIC RARE
1588122,3,1,2,1,0,1,Kamigawa,creature,dragon,White,Green,Black,Red,,MYTHIC RARE
1588123,2,1,0,1,3,2,Innistrad,creature,boar,Red,Black,Blue,,,RARE
1588124,3,1,2,2,1,1,Innistrad,equipment,Boots,Black,Red,,,,RARE
1588125,1,0,1,1,2,0,Kaldheim,creature,boar,Blue,,,,,COMMON
1588126,3,2,2,2,2,3,Innistrad,equipment,Ring,White,Red,,,,UNCOMMON
1588127,1,2,1,0,0,3,Ravnica,equipment,Ring,Black,White,Red,,,MYTHIC RARE
1588128,1,2,1,0,1,0,Kamigawa,equipment,Ring,Green,White,,,,MYTHIC RARE
1588129,2,1,2,3,3,2,Ravnica,equipment,Ring,Red,Green,,,,RARE
1588130,3,3,1,0,0,2,Ravnica,equipment,Talisman,Blue,White,Green,Red,,COMMON
1588131,2,3,2,1,0,2,Strixhaven,equipment,Talisman,Red,Blue,,,,RARE
1588132,1,3,3,1,2,2,Kaldheim,equipment,Ring,Black,,,,,MYTHIC RARE
1588133,2,3,3,3,2,1,Kamigawa,creature,boar,White,Green,,,,RARE
1588134,1,1,3,1,0,0,DnD,equipment,Ring,Black,,,,,COMMON
1588135,1,1,1,0,0,3,DnD,creature,elf,White,Black,,,,RARE
1588136,3,2,1,1,2,3,Ravnica,equipment,Sword,Blue,Red,Black,White,,RARE
1588137,2,1,0,1,2,1,Strixhaven,equipment,Sword,Black,Blue,White,,,COMMON
1588138,3,0,3,1,0,2,Innistrad,creature,boar,Red,White,,,,UNCOMMON
1588139,2,2,2,1,0,0,Kamigawa,creature,dwarf,Black,Red,Green,,,MYTHIC RARE
1588140,3,2,2,2,2,2,Strixhaven,equipment,Sword,White,Red,,,,UNCOMMON
1588141,2,0,0,0,3,0,Strixhaven,creature,boar,Red,Blue,White,Black,,COMMON
1588142,3,3,0,3,3,3,Innistrad,equipment,Sword,Black,Blue,,,,RARE
1588143,3,2,2,1,2,0,Kamigawa,creature,human,Red,Black,White,,,COMMON
1588144,0,3,0,2,0,2,Strixhaven,equipment,Bottle,Green,Black,White,,,MYTHIC RARE
1588145,2,3,1,1,3,3,Strixhaven,equipment,Boots,Black,Red,,,,RARE
1588146,0,0,0,0,1,3,Strixhaven,equipment,Ring,White,,,,,COMMON
1588147,3,3,0,1,2,2,Ravnica,equipment,Boots,White,Green,Black,Red,,UNCOMMON
1588148,0,1,1,1,0,3,Strixhaven,creature,human,Green,,,,,COMMON
1588149,3,2,3,1,1,1,Kaldheim,equipment,Bottle,Red,White,Green,,,COMMON
1588150,0,2,2,3,0,2,Ravnica,creature,human,Red,Green,,,,COMMON
1588151,2,2,0,1,0,3,Kaldheim,creature,human,Black,,,,,MYTHIC RARE
1588152,1,1,0,1,0,3,Innistrad,equipment,Bottle,Green,,,,,RARE
1588153,2,3,3,1,3,2,Kaldheim,creature,dwarf,Blue,Red,Black,,,MYTHIC RARE
1588154,0,2,2,2,3,3,Innistrad,creature,elf,Blue,Red,White,,,RARE
1588155,2,2,1,3,1,3,Ravnica,creature,zombie,Red,Black,Green,,,UNCOMMON
1588156,3,2,3,1,0,2,Kamigawa,equipment,Sword,Black,Blue,,,,COMMON
1588157,0,3,2,3,2,2,Kaldheim,creature,human,Red,Green,White,,,MYTHIC RARE
1588158,1,2,1,3,2,1,Kamigawa,equipment,Talisman,Green,,,,,RARE
1588159,1,0,0,1,1,1,Ravnica,equipment,Talisman,Blue,,,,,MYTHIC RARE
1588160,0,0,3,1,1,2,Kamigawa,equipment,Boots,Black,White,,,,RARE
1588161,3,0,0,0,1,0,Strixhaven,equipment,Ring,Green,White,,,,UNCOMMON
1588162,0,2,2,3,1,3,Kaldheim,equipment,Ring,White,Blue,,,,RARE
1588163,2,3,0,3,1,3,Strixhaven,equipment,Boots,Black,,,,,COMMON
1588164,1,3,1,0,0,3,Innistrad,creature,human,White,Green,Red,,,MYTHIC RARE
1588165,1,1,2,2,1,1,Strixhaven,equipment,Boots,Blue,Red,White,,,UNCOMMON
1588166,2,3,3,2,1,2,Kamigawa,creature,human,Black,White,Green,Blue,,RARE
1588167,3,1,3,1,2,2,Strixhaven,equipment,Sword,Red,,,,,RARE
1588168,2,1,3,3,2,3,Ravnica,creature,dwarf,Black,White,Red,Blue,,COMMON
1588169,3,2,1,2,3,0,Innistrad,equipment,Boots,Blue,Red,White,,,UNCOMMON
1588170,2,0,3,2,3,1,Ravnica,creature,dwarf,Red,,,,,UNCOMMON
1588171,1,0,0,2,0,3,DnD,equipment,Ring,Blue,Black,White,,,COMMON
1588172,0,1,2,3,2,2,Innistrad,equipment,Sword,Black,Green,,,,UNCOMMON
1588173,2,3,1,3,1,2,Kaldheim,equipment,Sword,Black,,,,,RARE
1588174,3,1,2,0,2,3,Strixhaven,equipment,Boots,White,Blue,,,,MYTHIC RARE
1588175,0,1,3,3,2,1,Innistrad,creature,elf,White,Black,,,,MYTHIC RARE
1588176,1,0,2,2,0,2,Kamigawa,equipment,Ring,Black,Blue,,,,RARE
1588177,3,2,1,3,0,2,Kaldheim,equipment,Boots,Green,Blue,Black,,,COMMON
1588178,2,1,0,2,2,1,DnD,equipment,Boots,Red,Black,White,,,RARE
1588179,1,3,0,1,3,2,Ravnica,creature,human,Black,Blue,,,,RARE
1588180,1,2,2,2,0,1,Kaldheim,creature,boar,Blue,Green,Black,,,COMMON
1588181,1,0,0,3,0,1,Ravnica,creature,dwarf,White,Black,,,,MYTHIC RARE
1588182,2,1,3,3,3,1,Ravnica,equipment,Sword,Green,Blue,Red,,,MYTHIC RARE
1588183,2,2,2,2,0,2,Strixhaven,creature,human,White,Red,,,,COMMON
1588184,3,1,0,3,3,0,DnD,creature,boar,White,Black,,,,RARE
1588185,1,0,2,3,2,2,Innistrad,creature,dwarf,White,Black,,,,UNCOMMON
1588186,0,2,0,2,3,0,Kamigawa,equipment,Bottle,Blue,Green,,,,UNCOMMON
1588187,0,1,1,0,1,3,DnD,creature,zombie,Green,Black,,,,MYTHIC RARE
1588188,1,0,2,3,0,1,Innistrad,creature,human,Green,Blue,Red,,,UNCOMMON
1588189,1,1,0,0,1,3,Innistrad,creature,boar,Blue,Black,,,,MYTHIC RARE
1588190,2,1,0,0,1,0,Ravnica,equipment,Ring,Blue,Red,Green,,,RARE
1588191,3,0,3,3,0,2,Kaldheim,creature,dragon,White,Blue,Green,,,COMMON
1588192,0,1,0,0,3,1,Ravnica,creature,dragon,Black,Green,,,,COMMON
1588193,1,1,2,1,2,2,Kaldheim,equipment,Boots,Black,White,Green,,,RARE
1588194,2,1,3,3,1,3,DnD,creature,dragon,White,Black,Red,,,COMMON
1588195,0,0,3,1,1,2,Kamigawa,creature,elf,Black,Green,Red,,,RARE
1588196,2,1,1,3,0,2,Ravnica,creature,dwarf,White,Green,Black,,,RARE
1588197,2,0,2,2,2,2,Strixhaven,creature,elf,Green,,,,,COMMON
1588198,1,3,3,3,3,0,Innistrad,creature,zombie,Black,White,Red,,,UNCOMMON
1588199,1,2,2,2,2,3,DnD,equipment,Bottle,White,Red,Blue,,,COMMON
1588200,3,1,3,0,1,0,Kaldheim,creature,zombie,Black,Blue,,,,RARE
1588201,0,1,2,0,1,2,Ravnica,creature,dragon,White,Red,Blue,,,MYTHIC RARE
1588202,1,1,1,0,0,1,Kamigawa,creature,zombie,Red,Blue,White,,,MYTHIC RARE
1588203,0,1,2,2,2,2,Strixhaven,equipment,Bottle,White,Green,,,,UNCOMMON
1588204,1,0,0,2,0,2,Innistrad,equipment,Ring,Green,,,,,COMMON
1588205,3,3,2,2,0,0,Kamigawa,equipment,Sword,Blue,White,Black,Green,,RARE
1588206,2,2,2,2,0,2,Strixhaven,creature,human,Blue,,,,,UNCOMMON
1588207,1,1,1,3,3,0,Strixhaven,creature,boar,Green,Black,Blue,Red,,RARE
1588208,0,1,0,1,1,3,Innistrad,equipment,Ring,Red,Green,,,,COMMON
1588209,3,3,3,1,0,1,Ravnica,equipment,Ring,Green,Black,,,,RARE
1588210,3,0,0,0,3,0,DnD,creature,elf,Blue,Green,Black,Red,,COMMON
1588211,0,2,2,2,0,1,Kamigawa,creature,boar,Black,Blue,,,,MYTHIC RARE
1588212,2,1,2,2,2,1,Strixhaven,creature,human,Black,,,,,MYTHIC RARE
1588213,0,3,0,3,1,0,Ravnica,creature,zombie,Red,,,,,COMMON
1588214,0,0,1,1,3,3,Innistrad,equipment,Ring,Blue,Green,Red,White,,COMMON
1588215,2,0,3,0,0,2,Ravnica,equipment,Sword,White,Blue,,,,RARE
1588216,2,0,1,3,2,2,Ravnica,creature,human,White,,,,,UNCOMMON
1588217,3,2,0,0,1,0,Ravnica,creature,boar,Blue,White,,,,UNCOMMON
1588218,3,0,3,2,3,2,Kaldheim,equipment,Boots,White,Red,,,,UNCOMMON
1588219,1,1,2,3,0,0,Kaldheim,equipment,Bottle,Red,Black,Green,,,RARE
1588220,0,2,2,3,2,0,Strixhaven,creature,boar,Blue,Green,,,,MYTHIC RARE
1588221,0,1,3,3,0,0,Innistrad,equipment,Talisman,White,Black,Red,Green,,COMMON
1588222,3,0,0,3,2,2,Innistrad,creature,dwarf,Black,Red,Green,White,,UNCOMMON
1588223,3,0,3,3,2,2,Ravnica,equipment,Boots,Black,Green,,,,RARE
1588224,0,2,0,1,2,0,Innistrad,equipment,Bottle,White,,,,,UNCOMMON
1588225,0,3,1,2,2,2,Kaldheim,creature,boar,Red,,,,,MYTHIC RARE
1588226,1,3,1,3,2,3,Kaldheim,equipment,Ring,Blue,Black,Red,,,MYTHIC RARE
1588227,1,1,1,0,3,3,Kamigawa,creature,dragon,Green,Red,,,,RARE
1588228,3,1,3,2,1,1,Strixhaven,equipment,Talisman,Red,Green,,,,RARE
1588229,0,2,0,2,1,2,Ravnica,equipment,Bottle,Blue,Green,Red,,,RARE
1588230,3,0,0,0,0,2,DnD,equipment,Sword,Blue,Red,Black,,,MYTHIC RARE
1588231,0,1,1,1,0,3,Strixhaven,equipment,Talisman,Blue,,,,,COMMON
1588232,3,2,2,2,3,3,Ravnica,creature,dragon,White,Green,,,,COMMON
1588233,0,1,3,2,3,1,DnD,equipment,Bottle,Green,,,,,COMMON
1588234,2,1,3,2,3,0,Strixhaven,equipment,Talisman,Black,Red,,,,RARE
1588235,1,0,3,0,1,2,Kamigawa,creature,zombie,Black,Green,,,,RARE
1588236,2,3,3,3,2,1,Kamigawa,equipment,Talisman,White,Blue,,,,RARE
1588237,3,2,0,1,1,3,Ravnica,equipment,Bottle,White,,,,,UNCOMMON
1588238,2,2,0,0,2,2,Strixhaven,equipment,Talisman,Blue,,,,,MYTHIC RARE
1588239,1,0,1,3,1,1,Strixhaven,equipment,Talisman,White,,,,,UNCOMMON
1588240,1,2,3,0,2,3,Innistrad,creature,elf,White,Red,Green,,,RARE
1588241,3,3,0,0,1,1,Kaldheim,equipment,Bottle,Blue,Red,Green,,,RARE
1588242,3,0,1,0,2,3,Ravnica,creature,zombie,Black,Blue,Red,Green,,COMMON
1588243,0,0,1,2,1,3,Kaldheim,creature,elf,White,Red,Black,,,UNCOMMON
1588244,1,2,0,1,3,0,DnD,equipment,Ring,White,,,,,COMMON
1588245,1,2,1,0,3,2,DnD,equipment,Bottle,Blue,White,Black,Green,,MYTHIC RARE
1588246,0,2,3,3,1,3,DnD,equipment,Talisman,Green,,,,,UNCOMMON
1588247,2,0,1,3,1,3,Kaldheim,creature,human,Blue,White,Black,,,COMMON
1588248,1,3,1,3,1,3,Kamigawa,creature,dwarf,Blue,White,Red,,,UNCOMMON
1588249,0,1,1,1,1,1,Strixhaven,creature,boar,White,,,,,RARE
1588250,0,0,2,1,1,1,Strixhaven,creature,dwarf,White,,,,,UNCOMMON
1588251,2,0,0,3,0,3,Kamigawa,creature,boar,Red,Black,,,,RARE
1588252,3,1,3,3,1,0,Ravnica,creature,human,Black,,,,,UNCOMMON
1588253,3,1,1,0,2,2,DnD,creature,dwarf,Green,,,,,MYTHIC RARE
1588254,0,1,0,2,0,2,Strixhaven,creature,elf,Green,White,,,,COMMON
1588255,1,2,0,0,0,2,Kaldheim,equipment,Sword,Black,Blue,Green,,,MYTHIC RARE
1588256,2,0,3,2,2,3,Kaldheim,creature,dragon,Black,White,,,,RARE
1588257,3,1,0,3,2,2,Strixhaven,equipment,Ring,Blue,,,,,UNCOMMON
1588258,1,0,1,1,0,3,DnD,creature,elf,White,Red,Green,Black,,MYTHIC RARE
1588259,2,1,1,3,2,0,Kamigawa,creature,elf,Green,,,,,RARE
1588260,2,2,1,2,1,1,Innistrad,equipment,Bottle,Green,White,,,,RARE
1588261,3,0,0,3,3,1,Strixhaven,equipment,Boots,Black,Blue,Red,Green,,COMMON
1588262,0,0,2,3,1,2,Strixhaven,creature,dragon,Green,Blue,Red,,,UNCOMMON
1588263,3,3,3,0,1,0,DnD,creature,boar,Black,White,Blue,Red,,MYTHIC RARE
1588264,1,0,3,1,2,2,Strixhaven,equipment,Bottle,Green,,,,,UNCOMMON
1588265,1,2,3,2,2,0,DnD,creature,elf,Green,White,Red,,,MYTHIC RARE
1588266,1,0,0,3,3,0,Strixhaven,creature,elf,Blue,White,,,,UNCOMMON
1588267,2,3,3,1,3,2,Kaldheim,creature,elf,Black,Blue,White,,,MYTHIC RARE
1588268,1,1,2,1,1,1,Innistrad,equipment,Boots,Red,Black,Green,,,MYTHIC RARE
1588269,2,2,2,3,3,0,Strixhaven,equipment,Ring,Red,Green,White,,,COMMON
1588270,1,0,2,2,2,3,Strixhaven,equipment,Ring,Black,Blue,Red,White,,RARE
1588271,1,1,1,1,1,0,Innistrad,equipment,Sword,Black,Green,,,,MYTHIC RARE
1588272,2,1,0,0,2,2,Ravnica,equipment,Talisman,Black,Red,Blue,Green,,COMMON
1588273,0,0,0,1,1,0,Ravnica,creature,zombie,Blue,,,,,UNCOMMON
1588274,1,1,0,0,2,1,DnD,equipment,Bottle,Red,,,,,MYTHIC RARE
1588275,2,1,0,1,0,1,Strixhaven,equipment,Sword,Black,Green,,,,RARE
1588276,3,3,1,2,0,3,Ravnica,creature,dwarf,Blue,Black,,,,COMMON
1588277,0,1,1,3,0,2,Ravnica,equipment,Ring,Green,,,,,MYTHIC RARE
1588278,0,0,0,2,1,3,Innistrad,equipment,Boots,Blue,White,,,,COMMON
1588279,0,3,0,0,0,3,Strixhaven,creature,elf,White,Green,,,,COMMON
1588280,2,2,1,2,2,3,Ravnica,creature,boar,Black,Blue,,,,RARE
1588281,1,0,3,1,0,1,DnD,equipment,Boots,White,Black,Blue,,,MYTHIC RARE
1588282,2,2,3,1,1,0,Kamigawa,creature,elf,White,Black,Blue,,,UNCOMMON
1588283,3,1,2,3,2,1,Kaldheim,creature,elf,Black,Blue,Green,,,MYTHIC RARE
1588284,3,0,1,3,1,1,Kamigawa,equipment,Sword,Blue,White,Black,,,COMMON
1588285,1,0,2,3,0,0,Strixhaven,creature,dwarf,Green,White,Blue,,,RARE
1588286,3,0,0,1,3,2,Kaldheim,creature,human,Green,Blue,Black,,,COMMON
1588287,3,2,1,2,0,2,Kaldheim,creature,boar,Blue,Red,,,,COMMON
1588288,1,1,3,3,0,2,DnD,equipment,Bottle,Green,Red,Blue,,,RARE
1588289,3,2,3,3,2,2,DnD,creature,human,Blue,White,Black,,,UNCOMMON
1588290,1,1,3,1,0,0,Kamigawa,equipment,Sword,Green,Red,,,,COMMON
1588291,1,2,1,3,1,3,Strixhaven,equipment,Sword,Black,Blue,,,,MYTHIC RARE
1588292,3,0,3,1,1,2,Ravnica,equipment,Talisman,White,Green,,,,MYTHIC RARE
1588293,0,1,3,1,3,1,Kaldheim,equipment,Ring,Red,Blue,,,,COMMON
1588294,2,0,0,3,1,1,Kaldheim,creature,dwarf,Black,Blue,,,,MYTHIC RARE
1588295,2,2,3,1,3,0,Innistrad,equipment,Talisman,Blue,Green,,,,COMMON
1588296,2,0,2,0,2,1,Innistrad,creature,human,Green,Blue,,,,COMMON
1588297,3,2,1,3,2,3,Ravnica,creature,zombie,Green,Red,,,,UNCOMMON
1588298,0,0,2,2,3,0,Strixhaven,equipment,Talisman,Blue,Green,White,,,MYTHIC RARE
1588299,2,1,1,0,0,0,Strixhaven,creature,boar,Black,,,,,RARE
1588300,3,0,1,1,2,2,Innistrad,creature,zombie,Blue,Red,White,,,UNCOMMON
1588301,1,2,2,1,2,0,Kamigawa,equipment,Bottle,Blue,Green,,,,COMMON
1588302,2,3,0,3,2,3,Kamigawa,creature,human,Green,Black,White,,,RARE
1588303,3,0,3,0,2,1,Kamigawa,creature,human,Red,Black,,,,RARE
1588304,2,2,2,2,1,1,Strixhaven,creature,human,Blue,Red,White,,,UNCOMMON
1588305,3,2,1,2,2,2,Kaldheim,equipment,Bottle,White,Black,Red,,,MYTHIC RARE
1588306,0,2,2,2,1,2,Strixhaven,creature,human,Blue,White,,,,UNCOMMON
1588307,3,2,1,2,0,1,Kaldheim,equipment,Boots,Red,Blue,Black,,,COMMON
1588308,1,3,0,3,0,3,Strixhaven,equipment,Ring,Red,Green,Black,,,MYTHIC RARE
1588309,1,3,1,1,2,3,Ravnica,equipment,Sword,Blue,Green,Black,,,MYTHIC RARE
1588310,1,0,1,0,2,0,Kaldheim,equipment,Ring,Blue,,,,,UNCOMMON
1588311,0,3,0,0,0,1,Kamigawa,creature,human,Red,Blue,Black,,,MYTHIC RARE
1588312,1,1,1,1,0,0,Innistrad,equipment,Ring,Blue,White,,,,RARE
1588313,3,0,3,0,0,3,Kaldheim,equipment,Boots,White,Green,Black,,,COMMON
1588314,1,1,0,1,3,2,Innistrad,equipment,Ring,Red,,,,,COMMON
1588315,1,2,2,1,0,1,Strixhaven,creature,dwarf,Black,,,,,COMMON
1588316,2,3,3,2,0,3,Strixhaven,creature,zombie,Black,,,,,UNCOMMON
1588317,0,2,2,1,3,3,Kaldheim,creature,zombie,Black,,,,,RARE
1588318,0,1,0,1,2,1,Strixhaven,creature,dragon,Red,,,,,RARE
1588319,3,2,2,1,3,0,Ravnica,equipment,Ring,White,Green,Black,Red,,UNCOMMON
1588320,3,1,0,0,2,3,Kamigawa,creature,zombie,Blue,Green,Red,White,,UNCOMMON
1588321,2,1,3,0,1,1,Ravnica,equipment,Bottle,Red,Green,White,,,RARE
1588322,1,0,2,2,2,0,Kaldheim,equipment,Boots,Blue,Green,,,,UNCOMMON
1588323,3,3,1,3,3,2,DnD,equipment,Sword,Green,Red,,,,MYTHIC RARE
1588324,0,0,2,3,3,3,Strixhaven,creature,elf,Black,Green,,,,MYTHIC RARE
1588325,1,0,2,0,1,0,Ravnica,creature,zombie,Black,White,,,,RARE
1588326,3,2,1,0,3,0,Kaldheim,equipment,Bottle,Red,Blue,White,Green,,RARE
1588327,2,2,0,3,2,1,Kaldheim,equipment,Talisman,Black,White,Red,Green,,UNCOMMON
1588328,3,3,1,1,2,2,Kamigawa,equipment,Bottle,Green,Black,White,,,UNCOMMON
1588329,2,0,2,1,1,3,Kamigawa,equipment,Talisman,Green,Red,Black,,,MYTHIC RARE
1588330,2,0,0,0,1,2,Strixhaven,equipment,Ring,Blue,Green,Red,Black,,UNCOMMON
1588331,2,2,0,1,2,0,Innistrad,creature,dragon,Green,,,,,MYTHIC RARE
1588332,3,0,2,2,2,0,Strixhaven,creature,boar,Blue,,,,,UNCOMMON
1588333,1,2,3,2,2,0,Ravnica,equipment,Ring,Green,,,,,MYTHIC RARE
1588334,2,0,1,0,0,1,DnD,equipment,Bottle,Red,Black,,,,UNCOMMON
1588335,3,1,1,3,3,3,DnD,equipment,Bottle,Red,White,,,,RARE
1588336,0,2,2,2,2,2,Kamigawa,creature,zombie,Green,White,Blue,Red,,MYTHIC RARE
1588337,1,1,1,0,2,2,Strixhaven,equipment,Bottle,Green,Blue,White,,,RARE
1588338,0,0,2,0,1,2,Kaldheim,equipment,Sword,Black,Blue,White,,,COMMON
1588339,3,0,3,0,0,1,Kaldheim,creature,boar,Blue,,,,,MYTHIC RARE
1588340,0,0,0,1,1,2,Ravnica,equipment,Talisman,White,,,,,MYTHIC RARE
1588341,1,0,3,0,1,0,Strixhaven,creature,dragon,White,Green,Blue,Red,,RARE
1588342,1,3,1,3,0,3,Kamigawa,equipment,Ring,Red,Black,,,,UNCOMMON
1588343,0,2,0,2,3,2,Ravnica,creature,dwarf,Blue,White,Red,,,RARE
1588344,0,2,2,2,1,1,Ravnica,creature,elf,Red,Green,Blue,,,COMMON
1588345,0,2,0,3,0,2,Innistrad,creature,zombie,Green,White,,,,UNCOMMON
1588346,3,1,3,0,3,3,Strixhaven,equipment,Boots,Black,Blue,,,,MYTHIC RARE
1588347,1,0,0,3,3,3,Kamigawa,creature,boar,Blue,Red,Green,Black,,COMMON
1588348,2,2,3,3,3,3,DnD,creature,dragon,White,Green,Black,,,MYTHIC RARE
1588349,3,0,0,0,1,3,Kaldheim,equipment,Bottle,Red,Green,Black,,,COMMON
1588350,1,1,0,0,1,0,Kamigawa,equipment,Boots,Green,Black,Red,White,,MYTHIC RARE
1588351,2,1,0,2,1,2,DnD,equipment,Bottle,Blue,,,,,UNCOMMON
1588352,2,2,1,0,0,0,Strixhaven,equipment,Ring,Red,Blue,Black,,,UNCOMMON
1588353,0,0,0,0,3,1,Strixhaven,equipment,Sword,Black,White,Green,,,RARE
1588354,1,2,1,2,2,3,Kamigawa,creature,human,Blue,White,,,,RARE
1588355,3,0,2,2,1,0,DnD,equipment,Sword,White,,,,,COMMON
1588356,2,2,0,2,3,2,Innistrad,equipment,Ring,Blue,Green,Black,,,RARE
1588357,1,1,2,2,1,1,Ravnica,creature,boar,Red,,,,,RARE
1588358,0,3,0,0,2,1,Ravnica,equipment,Ring,Red,Blue,Green,,,UNCOMMON
1588359,2,2,2,0,3,3,Kaldheim,equipment,Ring,White,Green,Blue,Red,,RARE
1588360,0,2,0,2,3,3,Innistrad,equipment,Ring,Blue,Black,,,,COMMON
1588361,0,3,0,2,3,3,Strixhaven,equipment,Sword,Black,,,,,UNCOMMON
1588362,2,1,1,1,0,3,Kaldheim,creature,human,Blue,Green,,,,UNCOMMON
1588363,1,3,3,2,0,2,Ravnica,equipment,Boots,Green,,,,,UNCOMMON
1588364,0,3,1,2,1,1,Strixhaven,equipment,Talisman,Black,Red,,,,COMMON
1588365,0,2,3,2,1,0,Kamigawa,equipment,Boots,Green,,,,,RARE
1588366,3,2,0,3,1,2,Ravnica,equipment,Talisman,Red,White,,,,COMMON
1588367,1,0,0,3,1,3,Kaldheim,equipment,Sword,Red,,,,,MYTHIC RARE
1588368,2,3,2,0,3,0,DnD,equipment,Sword,Red,Green,Blue,White,,MYTHIC RARE
1588369,2,1,1,1,3,3,Ravnica,creature,dragon,Red,Black,Blue,,,UNCOMMON
1588370,0,1,1,1,2,1,Innistrad,creature,boar,Black,,,,,RARE
1588371,1,2,3,3,2,0,Kamigawa,creature,dragon,Blue,Green,,,,MYTHIC RARE
1588372,2,2,2,2,1,2,Strixhaven,equipment,Sword,Red,Black,Green,,,MYTHIC RARE
1588373,0,0,3,3,2,2,Kamigawa,equipment,Bottle,Green,Black,,,,COMMON
1588374,1,1,1,0,3,1,Ravnica,creature,zombie,Blue,Green,Red,,,MYTHIC RARE
1588375,1,0,2,2,3,0,Kamigawa,equipment,Boots,Green,Red,Blue,,,UNCOMMON
1588376,2,2,0,3,1,1,Kamigawa,equipment,Talisman,White,Red,Green,,,COMMON
1588377,1,3,3,0,1,0,Kaldheim,creature,human,Blue,Red,White,Green,,MYTHIC RARE
1588378,1,0,1,2,1,1,Kamigawa,equipment,Ring,Red,Green,,,,COMMON
1588379,2,0,1,2,3,3,Ravnica,creature,human,Blue,,,,,UNCOMMON
1588380,0,3,0,1,2,2,Kaldheim,equipment,Bottle,Red,,,,,MYTHIC RARE
1588381,1,0,2,2,2,0,Ravnica,equipment,Bottle,Red,Green,,,,MYTHIC RARE
1588382,0,0,2,2,0,3,Strixhaven,creature,dwarf,Green,Black,,,,UNCOMMON
1588383,3,1,1,3,2,3,Kamigawa,equipment,Boots,Black,Blue,White,Red,,UNCOMMON
1588384,2,0,3,0,0,3,Strixhaven,creature,dwarf,Black,White,Green,,,COMMON
1588385,1,2,3,3,3,2,DnD,creature,human,Red,White,,,,COMMON
1588386,2,0,2,3,2,0,Kamigawa,creature,zombie,White,,,,,COMMON
1588387,0,0,0,2,0,2,DnD,creature,dragon,Blue,Green,,,,RARE
1588388,1,1,2,3,3,3,Innistrad,creature,elf,White,,,,,RARE
1588389,0,3,3,3,0,1,Innistrad,creature,human,Red,Blue,White,,,MYTHIC RARE
1588390,3,0,3,2,3,2,Strixhaven,creature,dragon,Black,,,,,RARE
1588391,3,1,1,3,3,2,Innistrad,equipment,Bottle,White,,,,,RARE
1588392,0,3,0,2,1,0,Innistrad,creature,elf,Red,,,,,MYTHIC RARE
1588393,2,0,0,2,3,1,Kaldheim,creature,dragon,Red,Green,White,,,MYTHIC RARE
1588394,0,1,3,3,2,3,Innistrad,creature,human,Green,Blue,Red,,,RARE
1588395,0,2,2,2,1,0,Strixhaven,equipment,Bottle,Blue,Red,White,Black,Green,MYTHIC RARE
1588396,2,0,2,3,1,0,Ravnica,creature,dragon,Black,White,Blue,,,UNCOMMON
1588397,1,0,0,0,1,3,Kamigawa,equipment,Boots,Red,Green,,,,UNCOMMON
1588398,2,1,1,1,1,1,Ravnica,creature,dwarf,Black,White,,,,COMMON
1588399,0,1,1,1,3,0,DnD,creature,human,Red,Green,,,,COMMON
1588400,0,3,2,1,0,2,Kaldheim,equipment,Sword,Red,Blue,Black,,,RARE
1588401,2,3,0,2,1,3,Ravnica,equipment,Ring,Green,Blue,Red,,,COMMON
1588402,0,0,0,0,2,3,Kamigawa,equipment,Bottle,White,Black,,,,MYTHIC RARE
1588403,2,1,2,3,2,2,DnD,creature,zombie,Green,White,Blue,,,RARE
1588404,3,0,3,2,3,3,Kaldheim,equipment,Bottle,Blue,Green,Black,,,MYTHIC RARE
1588405,3,1,3,3,0,1,Strixhaven,equipment,Talisman,Red,,,,,UNCOMMON
1588406,2,0,1,3,3,3,Kaldheim,equipment,Sword,Green,White,,,,RARE
1588407,0,2,0,0,3,0,Kamigawa,equipment,Boots,White,Black,,,,RARE
1588408,1,3,3,3,2,0,DnD,equipment,Sword,Blue,,,,,MYTHIC RARE
1588409,3,0,3,0,1,0,Innistrad,equipment,Bottle,Green,Red,,,,RARE
1588410,2,0,0,0,1,2,Kaldheim,creature,boar,Green,White,Red,Blue,,COMMON
1588411,1,3,3,3,2,3,Kamigawa,creature,human,Blue,Red,Green,,,COMMON
1588412,2,1,0,2,0,3,Kaldheim,equipment,Sword,Black,Green,Red,,,UNCOMMON
1588413,0,1,3,3,3,0,Ravnica,creature,elf,Red,Green,,,,COMMON
1588414,0,0,0,1,0,3,Strixhaven,creature,human,Black,,,,,UNCOMMON
1588415,3,0,3,1,1,1,DnD,equipment,Ring,White,,,,,UNCOMMON
1588416,0,1,0,1,2,2,Strixhaven,equipment,Talisman,White,Black,Blue,,,COMMON
1588417,2,2,2,2,0,0,DnD,creature,elf,Black,,,,,UNCOMMON
1588418,0,0,3,1,2,1,Ravnica,creature,dragon,Blue,Red,Green,,,COMMON
1588419,1,2,0,1,2,2,Strixhaven,creature,boar,Blue,White,,,,UNCOMMON
1588420,2,1,1,0,1,0,Kamigawa,creature,dragon,Black,Red,,,,RARE
1588421,2,3,1,0,2,0,Innistrad,creature,human,Green,,,,,RARE
1588422,1,2,2,0,2,3,Innistrad,creature,dwarf,Blue,Red,,,,UNCOMMON
1588423,3,2,1,2,0,0,Strixhaven,equipment,Boots,Blue,White,,,,RARE
1588424,3,1,2,2,0,0,Innistrad,creature,boar,Green,Red,Black,,,COMMON
1588425,1,0,3,1,1,2,Ravnica,creature,dragon,Red,White,,,,MYTHIC RARE
1588426,0,1,3,1,1,2,Ravnica,equipment,Sword,Black,White,,,,MYTHIC RARE
1588427,0,1,2,1,1,3,Strixhaven,equipment,Ring,Black,Green,Red,,,RARE
1588428,1,0,3,1,0,2,Innistrad,creature,boar,White,Blue,Green,,,RARE
1588429,3,2,0,1,1,2,Kaldheim,equipment,Sword,Green,Blue,Red,,,UNCOMMON
1588430,3,0,1,2,0,2,DnD,equipment,Ring,Blue,,,,,RARE
1588431,1,2,0,2,2,0,Kaldheim,equipment,Bottle,Blue,,,,,COMMON
1588432,0,2,3,0,1,3,Strixhaven,equipment,Sword,Red,Blue,,,,RARE
1588433,2,0,0,2,0,0,Strixhaven,creature,elf,White,,,,,RARE
1588434,1,3,3,1,0,3,Ravnica,equipment,Bottle,Black,Red,Green,White,,MYTHIC RARE
1588435,2,0,0,3,0,1,Kamigawa,equipment,Bottle,Green,Black,,,,UNCOMMON
1588436,1,2,0,2,0,0,Kamigawa,equipment,Bottle,Red,Blue,Black,,,COMMON
1588437,3,3,3,1,2,1,Kaldheim,equipment,Bottle,Blue,White,Green,Red,,RARE
1588438,3,2,1,0,3,1,Kamigawa,creature,dwarf,Red,White,Blue,Black,,UNCOMMON
1588439,0,3,2,3,2,2,Strixhaven,creature,dragon,Red,White,Black,,,UNCOMMON
1588440,1,0,0,1,2,1,Strixhaven,creature,zombie,Black,White,Blue,,,RARE
1588441,1,2,3,3,0,3,DnD,creature,boar,Black,Red,Green,,,RARE
1588442,1,2,1,2,0,2,Kamigawa,equipment,Ring,White,,,,,UNCOMMON
1588443,1,2,0,3,2,1,Innistrad,equipment,Boots,Black,,,,,MYTHIC RARE
1588444,1,1,0,0,0,1,Ravnica,equipment,Boots,Black,,,,,COMMON
1588445,3,1,0,3,1,1,Kaldheim,equipment,Sword,White,Red,Blue,,,UNCOMMON
1588446,0,1,1,0,2,2,Ravnica,equipment,Sword,White,Blue,Red,,,RARE
1588447,3,2,0,2,0,3,Ravnica,creature,dragon,White,Blue,,,,COMMON
1588448,1,2,0,3,2,2,Kamigawa,creature,dragon,White,Black,Red,Blue,,UNCOMMON
1588449,2,3,3,3,1,0,Kamigawa,equipment,Boots,Green,,,,,MYTHIC RARE
1588450,0,3,1,3,0,2,Strixhaven,equipment,Boots,Blue,,,,,RARE
1588451,0,0,3,1,1,3,Kaldheim,creature,human,Blue,Green,Black,,,UNCOMMON
1588452,3,1,1,2,1,2,DnD,creature,elf,Red,,,,,RARE
1588453,3,3,3,3,0,1,Kamigawa,equipment,Talisman,Green,,,,,COMMON
1588454,0,1,1,0,0,2,Kaldheim,equipment,Sword,White,Black,,,,MYTHIC RARE
1588455,0,2,2,0,2,1,Kaldheim,equipment,Boots,Black,White,Red,,,RARE
1588456,3,3,2,2,2,3,Ravnica,equipment,Talisman,Black,White,,,,RARE
1588457,3,0,3,3,0,3,Kaldheim,equipment,Ring,Black,,,,,RARE
1588458,0,0,0,0,2,2,DnD,equipment,Sword,Black,Blue,Red,,,UNCOMMON
1588459,1,1,1,3,3,2,Ravnica,creature,elf,Red,Black,White,,,COMMON
1588460,0,3,1,3,3,3,Innistrad,equipment,Bottle,White,Red,,,,UNCOMMON
1588461,2,2,1,1,2,2,Kamigawa,creature,dragon,White,Green,Red,Blue,,RARE
1588462,0,3,2,2,1,3,Kaldheim,creature,elf,Black,Blue,White,,,MYTHIC RARE
1588463,0,1,0,1,2,3,Ravnica,creature,human,Green,Blue,Red,,,COMMON
1588464,0,2,1,1,1,0,DnD,equipment,Ring,Red,,,,,RARE
1588465,0,0,3,0,3,3,Innistrad,creature,dwarf,Red,,,,,UNCOMMON
1588466,1,3,1,3,2,3,Kaldheim,creature,dragon,White,Blue,Black,,,RARE
1588467,3,1,3,2,1,3,Strixhaven,creature,dwarf,Green,White,Red,,,UNCOMMON
1588468,2,1,2,0,1,0,Ravnica,equipment,Bottle,Blue,Black,,,,COMMON
1588469,2,2,3,0,3,3,Kamigawa,equipment,Talisman,Green,Red,Black,,,RARE
1588470,0,2,1,0,2,0,Kamigawa,equipment,Boots,Black,Green,White,,,MYTHIC RARE
1588471,1,2,3,3,3,3,Kaldheim,creature,elf,Black,Red,,,,COMMON
1588472,0,1,3,2,0,2,Kaldheim,equipment,Sword,Blue,,,,,UNCOMMON
1588473,0,2,0,0,3,3,DnD,equipment,Sword,Red,Blue,Green,,,MYTHIC RARE
1588474,0,3,3,2,2,1,DnD,creature,zombie,White,Green,Black,,,UNCOMMON
1588475,3,0,1,3,3,1,Kaldheim,creature,human,Black,Blue,Green,Red,,RARE
1588476,3,2,2,3,1,0,Kamigawa,creature,dwarf,Red,,,,,MYTHIC RARE
1588477,0,0,2,1,3,3,DnD,equipment,Ring,White,Black,Red,,,UNCOMMON
1588478,2,1,0,0,2,0,Strixhaven,creature,dwarf,Blue,White,,,,RARE
1588479,0,1,1,2,3,2,Kaldheim,creature,boar,Blue,Red,,,,MYTHIC RARE
1588480,1,3,3,1,0,2,Kaldheim,equipment,Sword,Blue,Green,Black,,,UNCOMMON
1588481,0,0,2,0,2,0,Ravnica,creature,boar,Blue,Black,Green,,,UNCOMMON
1588482,0,3,0,0,0,1,Ravnica,equipment,Boots,Green,Blue,,,,RARE
1588483,3,2,1,0,3,3,Kaldheim,creature,zombie,Black,White,,,,UNCOMMON
1588484,1,0,2,1,3,0,Innistrad,equipment,Bottle,Red,,,,,COMMON
1588485,1,3,1,1,1,1,Strixhaven,creature,human,Green,Black,,,,UNCOMMON
1588486,0,0,0,0,1,2,DnD,equipment,Boots,Black,White,,,,RARE
1588487,3,3,0,2,0,3,Kamigawa,equipment,Talisman,Blue,Green,White,,,UNCOMMON
1588488,2,0,1,1,1,2,Kaldheim,equipment,Boots,Green,Black,,,,COMMON
1588489,3,3,2,2,2,2,DnD,equipment,Sword,Red,Black,Green,,,COMMON
1588490,2,3,0,0,3,2,DnD,equipment,Ring,Blue,Red,,,,UNCOMMON
1588491,0,0,2,2,1,3,Kamigawa,equipment,Bottle,White,Red,,,,RARE
1588492,3,2,1,2,2,2,Innistrad,creature,elf,Red,,,,,UNCOMMON
1588493,1,3,1,1,3,2,Kamigawa,creature,zombie,Green,White,,,,COMMON
1588494,1,3,1,2,3,0,Ravnica,equipment,Boots,Green,,,,,MYTHIC RARE
1588495,1,0,3,0,1,2,DnD,equipment,Ring,Black,Green,White,,,MYTHIC RARE
1588496,2,3,0,1,0,3,DnD,creature,dragon,Red,Green,White,,,UNCOMMON
1588497,0,0,1,0,1,3,Strixhaven,creature,boar,Black,Blue,Green,,,RARE
1588498,2,3,1,1,0,2,Innistrad,creature,boar,Blue,,,,,MYTHIC RARE
1588499,0,2,3,2,2,2,Kamigawa,equipment,Ring,Red,Blue,,,,UNCOMMON
1588500,0,1,0,2,2,1,Kamigawa,equipment,Talisman,Black,,,,,COMMON
1588501,1,3,2,2,1,3,Ravnica,creature,human,Black,Red,Blue,White,,RARE
1588502,1,0,3,1,2,3,Ravnica,creature,boar,Red,Blue,Green,,,MYTHIC RARE
1588503,1,2,0,1,1,2,DnD,equipment,Talisman,Black,Red,Blue,,,UNCOMMON
1588504,3,1,2,3,0,3,DnD,equipment,Sword,Black,Green,Blue,,,MYTHIC RARE
1588505,1,0,2,3,3,1,Ravnica,creature,zombie,Blue,White,Black,,,MYTHIC RARE
1588506,1,2,3,1,2,2,Ravnica,equipment,Talisman,Black,Blue,Green,,,UNCOMMON
1588507,3,3,0,2,3,3,Strixhaven,equipment,Talisman,Red,Blue,,,,MYTHIC RARE
1588508,1,1,1,2,3,3,DnD,creature,zombie,White,Black,Green,,,RARE
1588509,1,2,0,2,3,3,Innistrad,creature,dragon,Black,Blue,Red,,,COMMON
1588510,0,0,3,2,3,3,DnD,equipment,Talisman,Green,Red,,,,RARE
1588511,0,1,1,2,2,0,Strixhaven,equipment,Boots,Black,Green,Blue,,,MYTHIC RARE
1588512,0,3,1,3,1,2,Ravnica,equipment,Talisman,Green,,,,,MYTHIC RARE
1588513,3,3,2,3,0,2,Kaldheim,equipment,Sword,Red,Black,,,,COMMON
1588514,0,2,1,2,2,3,Kamigawa,equipment,Bottle,Green,,,,,RARE
1588515,1,0,1,2,3,0,Kamigawa,equipment,Bottle,Green,,,,,MYTHIC RARE
1588516,3,3,0,0,3,0,Ravnica,equipment,Ring,Black,Red,,,,UNCOMMON
1588517,2,3,0,3,0,3,Innistrad,equipment,Ring,Black,Blue,White,,,UNCOMMON
1588518,2,2,2,1,1,3,Kaldheim,equipment,Sword,Green,Blue,,,,COMMON
1588519,3,3,3,0,1,1,Kaldheim,creature,dragon,Black,Green,Blue,,,COMMON
1588520,0,0,0,0,3,3,Strixhaven,equipment,Sword,Blue,,,,,COMMON
1588521,1,3,0,3,2,1,Ravnica,equipment,Sword,Black,White,,,,MYTHIC RARE
1588522,3,2,2,1,1,2,Innistrad,equipment,Bottle,Red,Green,,,,MYTHIC RARE
1588523,2,2,0,3,1,3,Innistrad,creature,elf,Red,White,,,,COMMON
1588524,2,0,3,0,0,2,Strixhaven,equipment,Sword,Green,Red,White,,,MYTHIC RARE
1588525,2,3,0,1,0,3,Kamigawa,equipment,Ring,Black,White,Green,,,UNCOMMON
1588526,2,3,1,2,3,3,DnD,creature,boar,Green,Red,,,,MYTHIC RARE
1588527,3,0,0,0,2,0,Ravnica,creature,human,Green,,,,,UNCOMMON
1588528,1,1,1,2,0,1,Kaldheim,creature,dwarf,White,Red,,,,MYTHIC RARE
1588529,1,3,3,1,3,1,Innistrad,creature,boar,Blue,,,,,MYTHIC RARE
1588530,2,0,2,0,2,0,Kamigawa,equipment,Talisman,Blue,White,Green,,,COMMON
1588531,3,1,1,0,0,3,Innistrad,equipment,Ring,Black,,,,,RARE
1588532,0,3,1,3,2,3,DnD,equipment,Bottle,Black,,,,,MYTHIC RARE
1588533,3,1,2,3,3,2,Kaldheim,creature,human,White,Red,Green,,,UNCOMMON
1588534,0,2,0,3,3,2,Strixhaven,creature,human,Black,Blue,White,,,RARE
1588535,2,0,1,0,3,3,DnD,creature,zombie,White,Blue,,,,MYTHIC RARE
1588536,2,3,0,2,0,3,Kaldheim,creature,elf,Red,Green,,,,RARE
1588537,3,2,0,3,2,0,Kamigawa,creature,boar,Blue,Black,Green,,,COMMON
1588538,2,3,0,0,3,1,Kaldheim,creature,elf,White,Green,Black,,,UNCOMMON
1588539,1,1,0,1,3,0,Strixhaven,equipment,Ring,White,Red,Green,,,COMMON
1588540,1,3,1,2,3,1,Kaldheim,creature,dragon,Green,Red,,,,RARE
1588541,3,1,0,1,2,3,DnD,creature,elf,Red,Black,Blue,,,RARE
1588542,1,3,2,1,1,0,Innistrad,creature,dwarf,Red,White,Black,,,MYTHIC RARE
1588543,3,1,2,3,0,2,Innistrad,equipment,Talisman,Green,Black,,,,MYTHIC RARE
1588544,0,3,3,1,1,0,Kamigawa,creature,dwarf,White,Blue,Black,,,MYTHIC RARE
1588545,1,1,2,3,2,3,DnD,creature,elf,Black,White,Green,Red,,COMMON
1588546,0,2,0,2,2,1,Strixhaven,creature,dwarf,Blue,White,Red,,,RARE
1588547,3,3,2,3,2,0,Kaldheim,equipment,Sword,Green,Red,,,,UNCOMMON
1588548,2,1,2,3,0,1,Ravnica,creature,zombie,Red,,,,,UNCOMMON
1588549,2,3,3,3,2,0,Ravnica,equipment,Bottle,Red,Green,,,,COMMON
1588550,0,2,1,1,1,3,Kamigawa,equipment,Bottle,White,,,,,UNCOMMON
1588551,3,0,2,0,0,0,Kamigawa,creature,zombie,Green,Blue,,,,RARE
1588552,2,0,0,2,2,2,Ravnica,creature,dragon,Red,Green,Blue,,,MYTHIC RARE
1588553,2,3,2,3,0,0,Kaldheim,equipment,Talisman,White,,,,,RARE
1588554,2,3,0,3,2,1,Kamigawa,equipment,Boots,White,,,,,RARE
1588555,2,0,0,0,3,2,Kamigawa,creature,elf,Green,Red,,,,COMMON
1588556,2,2,0,1,0,0,Strixhaven,equipment,Boots,Red,Green,Black,,,UNCOMMON
1588557,2,3,0,1,2,2,Kaldheim,creature,elf,White,,,,,RARE
1588558,3,1,2,3,3,3,Ravnica,creature,zombie,Blue,Black,White,,,UNCOMMON
1588559,3,3,1,0,3,0,DnD,creature,zombie,Red,White,Black,,,COMMON
1588560,1,1,3,2,2,0,Kamigawa,creature,zombie,White,Black,,,,RARE
1588561,3,3,3,2,3,2,Kamigawa,creature,dwarf,Blue,Black,Red,Green,,RARE
1588562,1,1,2,3,3,1,Ravnica,creature,dwarf,Green,,,,,MYTHIC RARE
1588563,2,1,2,2,3,0,Kamigawa,creature,zombie,Black,,,,,RARE
1588564,3,3,2,0,2,2,Kaldheim,creature,dragon,Red,,,,,UNCOMMON
1588565,3,0,1,2,1,2,DnD,creature,dragon,Blue,Black,White,,,COMMON
1588566,3,3,0,2,2,1,Ravnica,creature,dragon,Black,White,Blue,Green,,COMMON
1588567,0,0,1,1,0,3,Ravnica,equipment,Bottle,White,Black,Green,Blue,,MYTHIC RARE
1588568,2,3,0,3,3,3,Innistrad,creature,human,White,Red,,,,RARE
1588569,3,2,2,1,3,0,Kamigawa,equipment,Bottle,Red,White,Blue,Black,,MYTHIC RARE
1588570,0,1,2,3,1,3,Ravnica,equipment,Boots,Blue,White,,,,UNCOMMON
1588571,2,0,1,1,2,3,Kaldheim,creature,dragon,Black,White,Green,,,RARE
1588572,1,1,0,1,1,3,DnD,equipment,Sword,Red,Black,White,,,MYTHIC RARE
1588573,3,0,0,0,3,2,Strixhaven,creature,zombie,Green,,,,,MYTHIC RARE
1588574,3,1,1,0,1,1,Kaldheim,creature,dragon,Green,,,,,UNCOMMON
1588575,2,3,3,1,2,3,Kaldheim,creature,zombie,Black,Blue,,,,UNCOMMON
1588576,0,3,0,2,0,2,DnD,equipment,Talisman,Red,Green,White,,,COMMON
1588577,0,0,1,2,0,2,Kamigawa,equipment,Ring,Blue,,,,,MYTHIC RARE
1588578,3,1,1,3,0,3,DnD,equipment,Boots,Blue,,,,,RARE
1588579,3,2,3,3,1,3,Ravnica,equipment,Bottle,White,Green,,,,UNCOMMON
1588580,1,1,0,3,3,1,DnD,equipment,Ring,White,Green,Red,,,MYTHIC RARE
1588581,0,1,2,2,0,0,Strixhaven,creature,zombie,Green,,,,,UNCOMMON
1588582,3,1,2,2,1,3,DnD,creature,dwarf,Blue,Black,White,,,COMMON
1588583,1,3,0,1,2,2,DnD,equipment,Bottle,White,Blue,,,,UNCOMMON
1588584,2,3,3,1,1,0,Innistrad,creature,human,Green,,,,,MYTHIC RARE
1588585,0,1,1,3,3,0,DnD,equipment,Sword,White,Blue,,,,RARE
1588586,0,0,2,3,3,3,Ravnica,creature,boar,Green,White,Red,,,RARE
1588587,2,2,0,2,2,1,Strixhaven,creature,boar,White,Red,Blue,,,COMMON
1588588,2,0,2,3,1,0,Kamigawa,creature,human,Green,White,Black,Red,,COMMON
1588589,1,0,0,2,3,3,DnD,creature,human,Red,Black,White,Blue,,RARE
1588590,0,3,1,1,0,3,Ravnica,creature,elf,Black,Red,Blue,,,UNCOMMON
1588591,0,0,3,3,0,3,Kaldheim,creature,dragon,Red,,,,,COMMON
1588592,1,1,3,0,1,1,Kaldheim,creature,human,Red,Green,White,Black,,RARE
1588593,1,1,0,0,0,2,Ravnica,equipment,Bottle,White,Red,,,,MYTHIC RARE
1588594,1,3,1,0,1,0,Innistrad,equipment,Talisman,Black,Blue,White,Green,,RARE
1588595,0,1,0,2,2,2,Kamigawa,creature,dwarf,Green,Red,,,,COMMON
1588596,2,2,0,3,2,0,Innistrad,creature,boar,Red,Black,Blue,,,UNCOMMON
1588597,3,0,1,0,0,1,Innistrad,creature,dragon,Red,Blue,,,,RARE
1588598,3,2,2,1,3,1,Kamigawa,creature,human,Red,Green,Black,,,UNCOMMON
1588599,1,3,2,2,0,0,Innistrad,creature,elf,Red,Green,Blue,Black,,MYTHIC RARE
1588600,2,0,3,1,3,1,DnD,equipment,Talisman,White,Black,Green,,,RARE
1588601,2,1,2,1,3,0,Ravnica,creature,boar,Red,Blue,Green,,,MYTHIC RARE
1588602,3,3,1,3,3,3,Innistrad,creature,boar,White,Red,Black,Blue,,RARE
1588603,2,0,2,1,3,1,Innistrad,equipment,Talisman,Black,White,Blue,Red,,UNCOMMON
1588604,1,3,2,2,2,2,Innistrad,creature,dragon,Red,Black,,,,COMMON
1588605,0,2,1,2,0,3,Kamigawa,equipment,Talisman,Red,Black,,,,MYTHIC RARE
1588606,3,0,3,3,0,2,Kamigawa,creature,human,Red,Black,White,,,COMMON
1588607,1,0,3,1,3,3,Ravnica,equipment,Ring,Red,White,,,,UNCOMMON
1588608,1,3,2,0,1,3,Strixhaven,equipment,Talisman,Red,,,,,MYTHIC RARE
1588609,1,0,0,2,1,1,Kamigawa,equipment,Bottle,Black,Red,,,,MYTHIC RARE
1588610,0,3,0,2,0,3,Strixhaven,equipment,Talisman,White,Blue,,,,UNCOMMON
1588611,3,1,2,2,0,2,Innistrad,equipment,Talisman,Blue,Red,,,,MYTHIC RARE
1588612,2,0,3,2,3,3,Strixhaven,equipment,Boots,Black,,,,,RARE
1588613,1,0,0,0,3,2,Innistrad,equipment,Bottle,Blue,,,,,RARE
1588614,1,1,1,3,1,3,Strixhaven,equipment,Talisman,Red,Blue,,,,UNCOMMON
1588615,2,1,1,2,2,0,Innistrad,creature,zombie,Blue,White,,,,COMMON
1588616,3,3,2,0,3,0,DnD,equipment,Bottle,Blue,Green,Black,,,RARE
1588617,3,1,2,1,0,3,Innistrad,equipment,Ring,Black,,,,,UNCOMMON
1588618,3,0,2,1,1,2,Innistrad,equipment,Boots,Red,,,,,UNCOMMON
1588619,3,3,0,3,2,2,Ravnica,creature,dwarf,Red,Blue,,,,MYTHIC RARE
1588620,1,3,3,2,2,2,Ravnica,creature,boar,White,Green,Red,,,RARE
1588621,0,2,0,3,3,0,Innistrad,creature,human,Blue,,,,,COMMON
1588622,3,1,3,0,1,1,Ravnica,creature,human,Green,Blue,,,,COMMON
1588623,0,3,2,3,1,2,Kamigawa,creature,dragon,White,Green,Red,Black,,MYTHIC RARE
1588624,2,3,2,1,1,0,Kamigawa,creature,human,Black,White,,,,UNCOMMON
1588625,0,2,2,2,3,1,Ravnica,creature,boar,Red,,,,,RARE
1588626,2,0,2,0,3,1,Strixhaven,equipment,Talisman,Green,,,,,RARE
1588627,0,1,2,0,1,3,DnD,creature,dwarf,Green,,,,,MYTHIC RARE
1588628,2,0,3,1,3,3,DnD,equipment,Ring,White,Blue,,,,MYTHIC RARE
1588629,0,0,3,0,0,0,Kaldheim,creature,human,Blue,Black,White,Red,,MYTHIC RARE
1588630,0,3,1,0,1,0,Ravnica,creature,elf,Green,Red,Blue,Black,,COMMON
1588631,3,1,1,0,2,1,DnD,equipment,Ring,Green,White,Black,Blue,,RARE
1588632,3,3,0,3,1,2,Ravnica,equipment,Bottle,Green,,,,,COMMON
1588633,0,1,1,1,1,3,Kaldheim,equipment,Sword,Blue,Red,,,,MYTHIC RARE
1588634,3,2,2,2,2,2,DnD,creature,dragon,White,Blue,Red,,,COMMON
1588635,3,1,0,3,3,0,Ravnica,creature,dwarf,White,Blue,Red,,,UNCOMMON
1588636,0,1,0,2,2,3,Ravnica,creature,dragon,White,Blue,Green,,,MYTHIC RARE
1588637,1,1,3,3,0,2,Strixhaven,equipment,Bottle,Black,White,Red,,,RARE
1588638,0,1,0,2,2,1,Strixhaven,equipment,Bottle,Green,White,,,,MYTHIC RARE
1588639,1,3,3,1,0,1,DnD,equipment,Ring,Green,Red,White,Black,,MYTHIC RARE
1588640,2,1,3,0,0,2,Innistrad,creature,dwarf,Black,Blue,Green,Red,,UNCOMMON
1588641,2,3,0,3,0,3,DnD,creature,elf,Black,Blue,,,,RARE
1588642,2,3,3,1,2,3,Strixhaven,creature,dwarf,Green,,,,,COMMON
1588643,3,2,3,1,3,2,Kaldheim,equipment,Talisman,Black,Blue,Green,,,MYTHIC RARE
1588644,1,3,3,1,0,3,Kamigawa,creature,human,Black,,,,,UNCOMMON
1588645,0,1,2,2,2,1,Ravnica,creature,zombie,White,Red,Blue,,,COMMON
1588646,1,2,2,3,2,3,Kamigawa,creature,dwarf,White,Black,,,,RARE
1588647,3,0,2,1,1,3,Kaldheim,creature,dwarf,Red,White,,,,UNCOMMON
1588648,3,1,0,3,1,2,Kamigawa,creature,elf,Red,,,,,RARE
1588649,3,0,2,3,2,3,Ravnica,equipment,Talisman,Green,White,,,,RARE
1588650,2,0,0,3,0,0,Kamigawa,equipment,Boots,White,Green,Black,,,RARE
1588651,0,0,3,3,3,0,Innistrad,creature,zombie,Black,White,Red,,,MYTHIC RARE
1588652,2,2,1,1,3,3,Kamigawa,equipment,Sword,Green,,,,,UNCOMMON
1588653,1,0,1,3,1,0,Innistrad,creature,zombie,Black,,,,,COMMON
1588654,3,3,1,2,0,1,Kamigawa,creature,elf,White,Black,Green,,,COMMON
1588655,3,2,1,1,0,2,Strixhaven,equipment,Boots,Red,Green,White,Black,,UNCOMMON
1588656,1,1,2,3,0,1,Ravnica,equipment,Ring,Green,Black,Blue,,,MYTHIC RARE
1588657,3,3,0,0,2,0,Strixhaven,creature,zombie,Green,White,Red,,,MYTHIC RARE
1588658,1,0,2,1,0,0,DnD,equipment,Boots,Green,White,Red,,,MYTHIC RARE
1588659,2,2,3,0,2,2,DnD,equipment,Ring,Blue,Green,Black,,,UNCOMMON
1588660,0,3,2,2,2,0,DnD,equipment,Ring,Black,White,,,,MYTHIC RARE
1588661,1,0,0,0,3,0,Ravnica,creature,zombie,Black,Red,,,,COMMON
1588662,0,1,2,0,0,3,Strixhaven,equipment,Ring,Black,Blue,Red,,,COMMON
1588663,3,1,0,0,2,1,DnD,creature,dwarf,Green,White,,,,COMMON
1588664,0,1,2,0,2,1,Kaldheim,equipment,Ring,Red,,,,,MYTHIC RARE
1588665,3,3,0,1,2,0,DnD,equipment,Bottle,Blue,Black,,,,RARE
1588666,2,1,2,0,3,2,DnD,creature,elf,Blue,White,Red,,,UNCOMMON
1588667,2,3,1,3,3,0,Innistrad,equipment,Bottle,Blue,Black,Green,,,RARE
1588668,0,3,1,1,0,2,Ravnica,equipment,Sword,White,Green,Black,,,COMMON
1588669,0,3,2,1,1,1,Kamigawa,equipment,Ring,Blue,Black,Green,,,RARE
1588670,0,3,2,1,1,3,Kamigawa,creature,zombie,White,Blue,,,,MYTHIC RARE
1588671,3,2,1,0,0,0,DnD,creature,elf,White,,,,,COMMON
1588672,3,2,0,2,0,0,DnD,creature,boar,Blue,Green,White,Red,,MYTHIC RARE
1588673,0,3,1,0,1,2,Ravnica,equipment,Bottle,Blue,Green,,,,UNCOMMON
1588674,1,2,0,0,3,0,Kaldheim,creature,boar,Green,,,,,RARE
1588675,0,3,2,3,0,1,Kaldheim,equipment,Talisman,Green,Red,Black,,,UNCOMMON
1588676,1,1,3,0,1,1,Kamigawa,equipment,Bottle,Black,Blue,White,Green,,MYTHIC RARE
1588677,2,0,1,0,1,3,Ravnica,creature,dragon,Red,,,,,UNCOMMON
1588678,3,2,2,1,2,1,Kaldheim,creature,human,Blue,,,,,UNCOMMON
1588679,2,3,0,3,3,0,Kaldheim,creature,zombie,White,Black,Blue,,,COMMON
1588680,1,1,1,2,3,3,DnD,equipment,Talisman,Black,Blue,Green,Red,,MYTHIC RARE
1588681,0,1,1,1,0,0,Strixhaven,creature,elf,Blue,,,,,RARE
1588682,1,2,0,0,2,1,Kamigawa,equipment,Talisman,Red,Green,White,Black,,COMMON
1588683,0,0,0,0,2,0,Kamigawa,equipment,Bottle,Green,Blue,,,,COMMON
1588684,0,3,1,0,3,2,DnD,creature,dwarf,Green,,,,,COMMON
1588685,3,1,3,3,0,0,Kaldheim,creature,dragon,Red,White,Black,Blue,,RARE
1588686,3,2,1,2,0,3,DnD,creature,human,White,Black,Green,Red,,RARE
1588687,1,0,2,1,1,0,Kaldheim,creature,boar,Red,Black,Green,,,RARE
1588688,0,1,0,3,0,2,Kamigawa,equipment,Bottle,White,Red,,,,RARE
1588689,0,0,3,1,0,2,Kamigawa,creature,zombie,White,Black,,,,UNCOMMON
1588690,1,1,1,3,0,2,Kamigawa,creature,boar,White,,,,,UNCOMMON
1588691,2,0,3,1,2,0,DnD,creature,boar,Black,Blue,Red,White,,MYTHIC RARE
1588692,1,3,1,1,0,3,Ravnica,creature,dwarf,White,,,,,UNCOMMON
1588693,1,2,3,1,0,2,Kamigawa,creature,zombie,Black,Red,,,,RARE
1588694,1,1,3,0,3,3,Innistrad,equipment,Talisman,Blue,,,,,MYTHIC RARE
1588695,0,2,2,2,1,0,Kamigawa,creature,zombie,Blue,Red,White,,,RARE
1588696,3,2,1,2,0,2,Strixhaven,equipment,Ring,Red,,,,,COMMON
1588697,2,2,2,3,1,0,Ravnica,creature,dragon,Blue,Red,Black,,,RARE
1588698,2,0,2,3,0,3,Kamigawa,creature,zombie,Blue,White,Red,,,MYTHIC RARE
1588699,3,3,1,3,1,2,Innistrad,equipment,Boots,Red,Blue,,,,UNCOMMON
1588700,1,3,1,0,0,2,Strixhaven,creature,boar,Black,Green,,,,COMMON
1588701,0,0,1,2,0,1,DnD,creature,human,Blue,Green,,,,UNCOMMON
1588702,2,1,1,0,0,1,DnD,equipment,Boots,Blue,,,,,MYTHIC RARE
1588703,0,1,0,2,3,0,Strixhaven,creature,elf,Red,Black,Blue,,,RARE
1588704,0,1,1,1,3,1,Strixhaven,creature,dragon,Green,Red,White,,,MYTHIC RARE
1588705,0,1,2,1,2,1,Innistrad,equipment,Boots,Black,,,,,UNCOMMON
1588706,1,3,1,1,0,3,Innistrad,creature,boar,Red,,,,,COMMON
1588707,1,3,3,2,1,0,Ravnica,creature,elf,Green,Blue,,,,RARE
1588708,2,1,1,2,2,3,Strixhaven,creature,zombie,White,Red,Black,,,RARE
1588709,0,3,1,2,1,0,Kamigawa,equipment,Bottle,Green,White,Blue,,,UNCOMMON
1588710,1,1,3,3,3,1,DnD,equipment,Bottle,Black,Blue,,,,UNCOMMON
1588711,1,3,3,2,0,0,Ravnica,equipment,Bottle,Blue,,,,,COMMON
1588712,0,1,0,1,2,1,Kaldheim,equipment,Bottle,Green,Black,,,,MYTHIC RARE
1588713,1,2,3,1,0,1,Ravnica,creature,boar,Blue,Red,,,,MYTHIC RARE
1588714,3,1,2,0,2,1,Kamigawa,creature,elf,Red,,,,,COMMON
1588715,2,0,0,1,3,0,Kaldheim,equipment,Boots,White,Blue,,,,UNCOMMON
1588716,2,0,1,3,0,1,Innistrad,equipment,Boots,Green,Black,,,,RARE
1588717,3,0,2,3,1,1,Kaldheim,equipment,Talisman,Green,Red,Black,,,RARE
1588718,0,0,3,0,2,2,Strixhaven,equipment,Boots,Black,Green,Blue,,,MYTHIC RARE
1588719,3,3,0,2,0,1,Kamigawa,creature,dwarf,Red,Blue,,,,UNCOMMON
1588720,3,3,0,3,2,2,Kamigawa,creature,dwarf,Green,,,,,RARE
1588721,1,2,1,0,3,1,Innistrad,equipment,Ring,Blue,Black,White,,,MYTHIC RARE
1588722,0,3,0,3,0,3,Kaldheim,equipment,Sword,White,Red,,,,RARE
1588723,3,0,2,0,3,1,Kaldheim,creature,boar,Black,,,,,RARE
1588724,1,0,1,0,0,0,Kaldheim,equipment,Sword,Blue,,,,,MYTHIC RARE
1588725,1,1,3,0,1,1,DnD,creature,zombie,Red,,,,,COMMON
1588726,2,3,1,1,2,3,Innistrad,creature,dwarf,Red,White,,,,RARE
1588727,3,1,2,1,2,2,Ravnica,creature,dragon,Red,White,Black,,,UNCOMMON
1588728,2,0,2,3,2,3,Strixhaven,creature,dwarf,White,Black,Green,,,RARE
1588729,1,0,0,2,0,3,Kamigawa,creature,dragon,Black,Red,Blue,,,COMMON
1588730,3,1,1,0,1,0,DnD,equipment,Talisman,Blue,,,,,RARE
1588731,3,1,3,0,1,2,Strixhaven,creature,dragon,White,Black,Green,,,MYTHIC RARE
1588732,3,2,0,2,1,1,Ravnica,equipment,Ring,Red,Black,White,,,RARE
1588733,1,0,2,2,0,0,Strixhaven,equipment,Talisman,Blue,Black,White,,,COMMON
1588734,1,0,0,0,2,2,Innistrad,creature,dragon,Green,Black,Red,White,,MYTHIC RARE
1588735,0,0,3,2,3,0,Kamigawa,creature,boar,Red,Blue,Black,,,RARE
1588736,0,2,1,3,2,1,DnD,equipment,Ring,Blue,,,,,MYTHIC RARE
1588737,2,3,1,3,1,1,Ravnica,creature,zombie,White,,,,,MYTHIC RARE
1588738,2,2,2,0,1,3,Kaldheim,equipment,Ring,White,Red,Black,Blue,,COMMON
1588739,2,2,1,2,0,0,Kaldheim,creature,boar,Blue,Black,Red,,,RARE
1588740,0,3,1,0,0,2,Ravnica,equipment,Ring,White,Green,Red,,,COMMON
1588741,2,1,1,0,2,2,DnD,equipment,Boots,Black,Blue,Green,Red,,RARE
1588742,3,1,1,2,3,3,Kaldheim,equipment,Sword,Black,,,,,RARE
1588743,3,0,0,2,3,0,Kamigawa,equipment,Ring,Red,White,,,,UNCOMMON
1588744,2,0,3,2,1,0,DnD,creature,elf,White,Blue,Green,,,MYTHIC RARE
1588745,1,0,3,1,1,2,Strixhaven,creature,dragon,Red,Blue,White,,,MYTHIC RARE
1588746,3,3,3,3,2,3,Innistrad,creature,dwarf,Black,,,,,COMMON
1588747,3,1,1,3,2,0,Innistrad,creature,boar,Red,Black,,,,UNCOMMON
1588748,1,3,1,3,1,2,Kamigawa,creature,zombie,Blue,,,,,RARE
1588749,0,0,2,3,2,1,DnD,creature,dragon,Blue,Red,,,,RARE
1588750,3,3,0,0,1,1,Ravnica,creature,zombie,Green,,,,,MYTHIC RARE
1588751,3,3,0,2,1,0,Innistrad,creature,zombie,Green,Red,,,,MYTHIC RARE
1588752,0,0,0,0,3,2,Kaldheim,creature,elf,Black,Red,Green,,,RARE
1588753,0,2,3,2,3,2,Innistrad,equipment,Bottle,White,Red,Blue,,,UNCOMMON
1588754,2,2,1,0,0,3,Ravnica,creature,zombie,Black,Red,Blue,,,UNCOMMON
1588755,3,2,1,0,0,2,Innistrad,equipment,Talisman,Blue,,,,,COMMON
1588756,1,1,2,2,2,0,DnD,equipment,Talisman,Red,,,,,MYTHIC RARE
1588757,1,1,0,0,0,1,Kaldheim,creature,dragon,White,,,,,RARE
1588758,2,1,2,3,2,3,Ravnica,creature,dwarf,White,Black,Red,,,MYTHIC RARE
1588759,1,0,3,3,0,2,Kaldheim,equipment,Bottle,Green,Blue,,,,MYTHIC RARE
1588760,0,2,2,0,3,3,DnD,equipment,Talisman,Blue,White,Red,Green,,MYTHIC RARE
1588761,0,3,2,2,3,3,Kamigawa,creature,zombie,Black,Red,,,,MYTHIC RARE
1588762,1,2,3,1,0,1,Strixhaven,equipment,Talisman,Blue,Red,Black,,,MYTHIC RARE
1588763,3,0,0,1,3,1,Kamigawa,equipment,Boots,Red,,,,,COMMON
1588764,2,2,1,3,0,0,DnD,creature,dragon,Black,Blue,,,,UNCOMMON
1588765,1,0,1,0,0,2,Kamigawa,creature,dwarf,White,Black,Red,,,UNCOMMON
1588766,3,0,2,2,1,3,DnD,creature,dragon,Blue,Red,Green,,,MYTHIC RARE
1588767,1,0,0,3,2,1,Kamigawa,creature,human,Black,White,Green,,,MYTHIC RARE
1588768,1,2,2,1,2,1,Innistrad,creature,dragon,Blue,Black,Green,,,COMMON
1588769,2,2,1,1,1,2,Ravnica,creature,dwarf,White,,,,,UNCOMMON
1588770,3,0,3,0,3,0,Kaldheim,creature,elf,Red,Black,White,Green,,RARE
1588771,0,1,1,1,0,1,Strixhaven,creature,elf,Red,Green,Black,,,COMMON
1588772,0,2,1,0,0,3,Strixhaven,creature,elf,White,Black,Blue,,,MYTHIC RARE
1588773,1,1,2,2,1,3,Strixhaven,equipment,Ring,Blue,,,,,MYTHIC RARE
1588774,2,0,2,2,3,0,DnD,creature,human,Blue,White,Red,,,MYTHIC RARE
1588775,3,0,3,3,1,1,Innistrad,equipment,Bottle,Red,Blue,White,,,UNCOMMON
1588776,3,1,0,2,1,0,Kaldheim,equipment,Ring,Green,White,Red,Black,,RARE
1588777,2,3,2,2,3,3,DnD,equipment,Talisman,White,,,,,RARE
1588778,0,1,1,0,2,2,Innistrad,creature,dragon,Black,Green,Blue,,,UNCOMMON
1588779,1,3,2,1,2,2,Kamigawa,equipment,Ring,Blue,Green,Black,,,MYTHIC RARE
1588780,3,1,1,2,0,3,DnD,creature,human,Black,Green,Blue,,,UNCOMMON
1588781,2,2,3,1,2,2,DnD,creature,dwarf,Black,White,,,,RARE
1588782,0,1,1,0,3,2,Strixhaven,equipment,Sword,White,,,,,COMMON
1588783,2,0,3,2,2,0,Kamigawa,creature,human,White,Black,,,,UNCOMMON
1588784,0,0,0,2,2,3,Innistrad,creature,boar,Red,White,,,,COMMON
1588785,3,1,0,2,3,0,Innistrad,creature,human,Blue,White,,,,UNCOMMON
1588786,2,0,3,3,1,2,Kamigawa,equipment,Boots,Red,,,,,RARE
1588787,0,2,2,3,1,2,Kaldheim,equipment,Talisman,Green,White,Red,Blue,,MYTHIC RARE
1588788,1,2,3,0,2,1,Kamigawa,equipment,Talisman,Green,,,,,MYTHIC RARE
1588789,1,0,3,0,2,2,DnD,creature,zombie,White,Black,Green,,,UNCOMMON
1588790,2,2,0,0,1,3,Kaldheim,equipment,Ring,White,,,,,UNCOMMON
1588791,0,2,0,2,1,0,Strixhaven,creature,zombie,Red,Blue,,,,RARE
1588792,1,3,1,0,3,0,Ravnica,equipment,Bottle,White,Green,Red,,,MYTHIC RARE
1588793,3,0,3,2,1,2,Strixhaven,equipment,Sword,Red,Black,White,Green,,RARE
1588794,3,3,3,1,1,1,Strixhaven,equipment,Sword,White,Black,Red,Green,,MYTHIC RARE
1588795,1,0,3,3,2,3,Ravnica,creature,dwarf,Green,Red,,,,UNCOMMON
1588796,2,0,2,1,3,0,DnD,equipment,Boots,Red,White,Green,Black,,COMMON
1588797,0,0,1,1,2,2,Innistrad,creature,human,Green,White,Red,Blue,,UNCOMMON
1588798,2,2,1,0,3,0,Kamigawa,creature,zombie,Black,White,Red,,,UNCOMMON
1588799,0,3,1,0,3,2,Strixhaven,equipment,Ring,Blue,,,,,RARE
1588800,1,2,2,1,3,1,Ravnica,equipment,Boots,Blue,Green,Black,White,,RARE
1588801,1,3,0,2,1,2,Ravnica,creature,zombie,Blue,,,,,MYTHIC RARE
1588802,2,2,2,2,1,2,Innistrad,equipment,Bottle,Black,Green,,,,RARE
1588803,1,3,3,2,0,0,Kaldheim,equipment,Bottle,Red,,,,,COMMON
1588804,3,3,1,0,1,3,Kaldheim,equipment,Ring,Red,Green,,,,RARE
1588805,1,1,0,1,2,3,DnD,creature,dragon,Black,,,,,COMMON
1588806,0,2,3,1,3,1,DnD,equipment,Sword,Green,,,,,RARE
1588807,3,3,1,2,2,0,Ravnica,creature,dwarf,Red,,,,,COMMON
1588808,1,1,2,2,1,0,DnD,equipment,Ring,White,Green,,,,UNCOMMON
1588809,1,3,2,1,3,2,Strixhaven,creature,human,White,Red,,,,UNCOMMON
1588810,1,0,3,2,0,3,Kamigawa,equipment,Boots,Green,Red,Black,,,MYTHIC RARE
1588811,3,1,3,1,0,1,DnD,equipment,Bottle,Red,Black,Blue,White,,MYTHIC RARE
1588812,2,1,3,2,2,1,Kaldheim,equipment,Ring,Blue,White,,,,COMMON
1588813,0,0,0,3,2,2,Strixhaven,creature,dwarf,Green,Red,Blue,,,COMMON
1588814,1,1,3,3,0,3,Strixhaven,creature,human,Black,Green,White,,,COMMON
1588815,2,2,2,2,0,2,Ravnica,creature,dragon,Blue,,,,,UNCOMMON
1588816,1,0,3,3,1,2,Strixhaven,creature,dwarf,White,,,,,MYTHIC RARE
1588817,3,3,0,0,1,3,Ravnica,equipment,Ring,White,,,,,UNCOMMON
1588818,0,2,0,1,3,3,Kamigawa,equipment,Sword,Blue,,,,,UNCOMMON
1588819,1,1,1,0,2,2,Ravnica,equipment,Sword,Green,Red,White,,,UNCOMMON
1588820,3,2,0,2,1,3,Innistrad,creature,boar,Blue,,,,,COMMON
1588821,1,2,0,0,2,1,Innistrad,equipment,Sword,Blue,,,,,UNCOMMON
1588822,0,1,3,3,2,3,Kaldheim,creature,dwarf,White,Green,Red,,,COMMON
1588823,2,0,0,3,2,0,Kaldheim,equipment,Bottle,Blue,,,,,MYTHIC RARE
1588824,1,2,1,1,0,2,Innistrad,creature,dragon,Red,Black,,,,MYTHIC RARE
1588825,3,3,2,2,1,0,Kamigawa,creature,dwarf,Green,Black,Red,,,MYTHIC RARE
1588826,3,3,2,3,3,1,Ravnica,equipment,Boots,Red,Black,,,,COMMON
1588827,3,1,0,2,2,2,Ravnica,creature,dwarf,Green,Red,Blue,,,RARE
1588828,3,0,3,3,3,1,Kaldheim,equipment,Boots,Red,White,Blue,Black,,COMMON
1588829,0,3,0,2,1,1,Kaldheim,equipment,Sword,Blue,Black,Green,Red,,RARE
1588830,0,0,3,1,3,0,Kamigawa,equipment,Boots,White,Green,,,,MYTHIC RARE
1588831,1,2,0,1,0,1,DnD,creature,elf,Black,Red,Blue,,,UNCOMMON
1588832,1,0,0,2,3,3,Innistrad,equipment,Sword,Black,Red,Blue,,,COMMON
1588833,2,1,2,1,0,0,Strixhaven,creature,boar,Red,Blue,Black,,,UNCOMMON
1588834,3,1,3,2,1,0,Kamigawa,creature,boar,White,,,,,RARE
1588835,3,3,3,2,0,3,Innistrad,creature,dragon,Blue,White,Green,,,RARE
1588836,3,0,2,2,3,0,Ravnica,equipment,Talisman,Green,Black,Red,White,,MYTHIC RARE
1588837,2,1,1,1,0,2,Ravnica,creature,dwarf,Black,Green,Blue,,,UNCOMMON
1588838,3,2,1,0,1,0,Innistrad,creature,dwarf,White,,,,,COMMON
1588839,1,0,2,1,2,3,Kamigawa,equipment,Bottle,White,,,,,UNCOMMON
1588840,3,0,2,3,2,2,Ravnica,equipment,Boots,Green,Black,Blue,White,,COMMON
1588841,1,2,3,1,1,3,Strixhaven,creature,zombie,White,Red,,,,RARE
1588842,1,1,1,2,0,3,DnD,equipment,Ring,Green,,,,,MYTHIC RARE
1588843,3,1,2,0,3,1,Innistrad,equipment,Sword,Red,Green,White,,,MYTHIC RARE
1588844,1,2,3,2,1,1,Kamigawa,equipment,Talisman,White,,,,,UNCOMMON
1588845,1,3,2,2,0,2,Kaldheim,creature,dragon,Black,,,,,UNCOMMON
1588846,0,1,3,3,2,1,Kaldheim,equipment,Bottle,White,Blue,Red,,,MYTHIC RARE
1588847,0,3,1,0,2,1,Strixhaven,equipment,Sword,Blue,Black,,,,MYTHIC RARE
1588848,1,3,1,0,1,2,Ravnica,creature,zombie,Blue,,,,,COMMON
1588849,0,3,2,0,3,0,Kamigawa,creature,dwarf,Red,Blue,,,,MYTHIC RARE
1588850,3,2,1,1,2,0,Strixhaven,equipment,Bottle,Black,Red,,,,MYTHIC RARE
1588851,3,2,1,3,0,0,Strixhaven,creature,zombie,Red,Blue,White,Green,,MYTHIC RARE
1588852,0,3,3,2,3,2,Kamigawa,creature,boar,Blue,White,Red,,,UNCOMMON
1588853,2,3,1,1,1,1,DnD,equipment,Ring,Red,White,Green,,,RARE
1588854,3,1,1,3,3,0,Innistrad,creature,human,White,Red,,,,COMMON
1588855,0,3,0,3,0,0,Kamigawa,creature,dragon,Green,Red,,,,MYTHIC RARE
1588856,3,2,1,3,0,2,Innistrad,equipment,Talisman,Black,Green,Blue,,,COMMON
1588857,1,1,0,1,1,3,Ravnica,creature,dwarf,Blue,,,,,COMMON
1588858,3,2,1,1,1,3,Kamigawa,creature,dwarf,Green,Blue,Red,,,COMMON
1588859,0,0,0,2,0,3,Ravnica,creature,zombie,Green,Red,White,,,RARE
1588860,2,2,1,0,1,2,Innistrad,equipment,Ring,Red,Black,Blue,,,UNCOMMON
1588861,1,1,3,0,2,1,Innistrad,equipment,Talisman,White,,,,,MYTHIC RARE
1588862,0,1,0,2,3,3,Kamigawa,creature,boar,Black,Green,Blue,,,UNCOMMON
1588863,3,1,1,3,3,2,Ravnica,creature,zombie,Red,Blue,White,,,UNCOMMON
1588864,3,0,0,2,3,1,Strixhaven,equipment,Bottle,White,Blue,,,,RARE
1588865,1,3,2,1,3,1,Ravnica,equipment,Sword,Red,,,,,COMMON
1588866,1,3,1,2,2,2,DnD,creature,elf,Black,Blue,,,,RARE
1588867,0,2,3,0,3,3,Strixhaven,equipment,Talisman,Blue,Red,,,,UNCOMMON
1588868,3,0,3,3,3,0,Innistrad,creature,dragon,Green,Blue,,,,RARE
1588869,1,2,0,3,2,0,DnD,creature,human,Red,Green,White,,,RARE
1588870,2,2,1,1,1,2,Kamigawa,creature,zombie,Red,Green,Black,,,COMMON
1588871,1,2,1,2,0,1,Kaldheim,equipment,Sword,White,,,,,UNCOMMON
1588872,1,2,2,0,2,1,Kaldheim,creature,zombie,Black,Blue,,,,MYTHIC RARE
1588873,1,3,2,2,1,2,Ravnica,equipment,Boots,Red,Blue,Black,,,RARE
1588874,2,3,2,2,0,3,DnD,creature,dwarf,Green,White,Red,Blue,,COMMON
1588875,1,1,2,0,2,1,Ravnica,equipment,Talisman,White,Green,Blue,,,UNCOMMON
1588876,2,1,0,0,2,3,Strixhaven,creature,boar,Black,,,,,RARE
1588877,1,1,1,2,0,3,Innistrad,equipment,Boots,White,Blue,Red,,,MYTHIC RARE
1588878,0,3,0,2,2,0,Kamigawa,equipment,Bottle,White,Green,Blue,Black,,COMMON
1588879,3,3,2,3,1,3,Kamigawa,equipment,Talisman,Green,Blue,,,,RARE
1588880,1,0,3,1,0,0,DnD,creature,zombie,Black,White,Red,,,MYTHIC RARE
1588881,2,1,3,0,3,0,Ravnica,equipment,Talisman,Red,,,,,COMMON
1588882,3,2,2,0,2,0,Strixhaven,equipment,Bottle,Red,,,,,MYTHIC RARE
1588883,2,1,3,2,3,3,DnD,creature,zombie,White,Red,Green,Black,Blue,RARE
1588884,2,3,3,2,3,1,Innistrad,equipment,Boots,Green,Blue,,,,RARE
1588885,2,1,1,2,3,1,Kamigawa,creature,dwarf,Black,,,,,MYTHIC RARE
1588886,0,3,1,1,0,3,Innistrad,creature,boar,Black,Red,Blue,Green,,RARE
1588887,2,1,1,3,3,3,Kamigawa,equipment,Sword,Green,Blue,Red,,,MYTHIC RARE
1588888,1,2,0,0,3,2,Kaldheim,creature,elf,Black,Red,Green,,,COMMON
1588889,1,0,2,3,2,3,Ravnica,creature,boar,Blue,Black,White,Red,,MYTHIC RARE
1588890,1,2,0,3,1,1,Innistrad,equipment,Ring,Green,Red,Black,White,,COMMON
1588891,0,0,0,0,1,3,DnD,equipment,Talisman,Green,Black,,,,MYTHIC RARE
1588892,1,1,1,3,1,3,Kamigawa,creature,dwarf,White,Blue,,,,UNCOMMON
1588893,0,0,2,3,0,0,Kamigawa,creature,boar,Black,White,,,,UNCOMMON
1588894,0,2,0,0,2,3,Kamigawa,equipment,Sword,Green,Black,Red,,,MYTHIC RARE
1588895,2,3,3,0,2,1,Strixhaven,equipment,Boots,Blue,Green,Black,,,UNCOMMON
1588896,3,2,2,2,2,3,Innistrad,creature,boar,Blue,Red,White,,,COMMON
1588897,2,3,0,3,2,3,Strixhaven,equipment,Talisman,Red,Green,White,,,COMMON
1588898,1,0,0,2,2,0,Kaldheim,creature,zombie,Green,White,Red,,,MYTHIC RARE
1588899,1,0,3,0,0,0,DnD,creature,dwarf,Black,Blue,,,,RARE
1588900,2,3,1,0,0,2,Kamigawa,equipment,Talisman,White,Blue,,,,RARE
1588901,3,0,0,1,2,0,Strixhaven,creature,dwarf,Green,,,,,COMMON
1588902,2,2,3,2,2,0,Strixhaven,equipment,Sword,White,Green,Red,Blue,,UNCOMMON
1588903,1,0,0,0,2,3,Kaldheim,creature,dwarf,Black,White,Red,,,UNCOMMON
1588904,1,2,0,1,3,2,Strixhaven,equipment,Boots,Black,Blue,White,Green,,MYTHIC RARE
1588905,3,3,0,3,0,0,Strixhaven,equipment,Boots,Black,Blue,White,,,MYTHIC RARE
1588906,3,2,1,2,2,1,DnD,equipment,Sword,Black,Red,,,,MYTHIC RARE
1588907,0,1,2,3,0,3,Kamigawa,creature,dragon,Green,Red,Blue,,,UNCOMMON
1588908,1,1,3,1,0,3,Ravnica,creature,human,Red,,,,,MYTHIC RARE
1588909,0,2,1,3,2,3,Ravnica,creature,boar,Red,Green,Black,White,,MYTHIC RARE
1588910,1,1,0,0,1,2,Ravnica,creature,zombie,White,Red,,,,MYTHIC RARE
1588911,3,3,2,2,1,2,DnD,creature,elf,Green,White,,,,MYTHIC RARE
1588912,2,3,2,1,2,3,DnD,creature,dwarf,White,Black,Red,Blue,,COMMON
1588913,3,1,0,3,1,2,Strixhaven,creature,elf,Red,Blue,White,,,MYTHIC RARE
1588914,1,3,1,2,1,0,Kamigawa,creature,dragon,Red,Blue,,,,RARE
1588915,2,1,2,0,2,3,Strixhaven,creature,dwarf,Blue,Green,,,,MYTHIC RARE
1588916,3,3,1,3,0,0,Kamigawa,creature,dwarf,Red,White,,,,MYTHIC RARE
1588917,1,1,3,3,2,1,Innistrad,equipment,Sword,Black,,,,,MYTHIC RARE
1588918,1,1,1,0,2,1,Ravnica,creature,zombie,Red,Green,,,,COMMON
1588919,2,2,1,2,3,2,Kaldheim,creature,dwarf,Red,White,Green,,,UNCOMMON
1588920,2,2,2,2,0,0,Strixhaven,equipment,Sword,Red,Black,Green,,,UNCOMMON
1588921,1,1,3,1,3,0,Kaldheim,creature,elf,Green,Black,,,,COMMON
1588922,3,2,2,2,3,2,Ravnica,equipment,Bottle,Blue,Red,Black,,,RARE
1588923,2,1,3,1,0,1,Ravnica,equipment,Bottle,Red,,,,,UNCOMMON
1588924,0,0,2,1,2,0,Strixhaven,creature,dwarf,Green,,,,,RARE
1588925,3,1,1,2,0,2,Kamigawa,equipment,Sword,Blue,Black,,,,MYTHIC RARE
1588926,3,0,0,3,2,0,Innistrad,creature,dwarf,Black,Red,Green,White,,RARE
1588927,3,2,1,2,2,3,Kamigawa,creature,dwarf,Green,,,,,COMMON
1588928,2,2,0,1,0,1,Kaldheim,equipment,Bottle,Red,Green,,,,COMMON
1588929,0,2,1,1,2,1,Strixhaven,creature,zombie,Black,White,,,,RARE
1588930,1,1,1,0,0,0,DnD,equipment,Bottle,Black,White,,,,MYTHIC RARE
1588931,2,0,1,3,2,1,Strixhaven,creature,human,Red,,,,,UNCOMMON
1588932,1,1,0,1,1,1,Kamigawa,creature,elf,Red,Black,,,,COMMON
1588933,2,2,3,2,3,1,Kamigawa,creature,elf,Red,Green,,,,COMMON
1588934,2,3,1,2,1,3,DnD,equipment,Talisman,Green,Blue,Black,,,RARE
1588935,0,2,3,2,1,2,Kaldheim,creature,human,White,Black,,,,MYTHIC RARE
1588936,3,1,2,1,1,3,Strixhaven,equipment,Bottle,Blue,Black,White,,,MYTHIC RARE
1588937,2,1,2,3,3,0,Ravnica,creature,dragon,Black,Blue,Green,Red,,UNCOMMON
1588938,1,0,3,2,1,1,Kaldheim,creature,human,Black,Green,Red,,,UNCOMMON
1588939,2,2,1,2,0,0,Kaldheim,equipment,Sword,White,Black,,,,UNCOMMON
1588940,2,0,0,3,3,3,DnD,creature,human,Green,White,,,,MYTHIC RARE
1588941,1,1,2,3,2,0,DnD,creature,human,Green,,,,,MYTHIC RARE
1588942,0,1,2,1,1,1,Ravnica,creature,dragon,White,Blue,Red,Black,,MYTHIC RARE
1588943,1,1,1,2,3,0,Innistrad,equipment,Bottle,Black,White,,,,RARE
1588944,3,2,1,3,2,3,Strixhaven,creature,dragon,Green,Red,,,,MYTHIC RARE
1588945,3,0,0,0,3,3,Strixhaven,creature,zombie,Green,Red,Blue,,,MYTHIC RARE
1588946,0,1,2,0,1,3,Innistrad,equipment,Sword,Green,Black,Blue,Red,,COMMON
1588947,2,2,0,2,2,0,Strixhaven,creature,dragon,Green,Blue,,,,MYTHIC RARE
1588948,2,1,1,3,1,3,Kamigawa,equipment,Talisman,White,Red,,,,UNCOMMON
1588949,3,1,3,3,0,0,Kaldheim,equipment,Boots,Green,Red,Blue,Black,White,UNCOMMON
1588950,2,2,3,3,0,0,Kamigawa,equipment,Talisman,Blue,White,,,,MYTHIC RARE
1588951,0,0,0,3,1,3,DnD,equipment,Ring,White,Red,,,,COMMON
1588952,2,3,0,3,3,1,Kaldheim,creature,zombie,Blue,,,,,UNCOMMON
1588953,3,0,2,1,1,2,Strixhaven,creature,elf,Blue,White,Red,,,MYTHIC RARE
1588954,3,2,0,1,3,2,DnD,creature,zombie,Red,White,,,,UNCOMMON
1588955,3,1,3,0,0,0,Kaldheim,equipment,Sword,Black,Green,Red,Blue,,RARE
1588956,2,0,2,1,0,0,Kaldheim,creature,elf,Black,Green,,,,MYTHIC RARE
1588957,0,0,2,3,0,3,Kaldheim,equipment,Bottle,Green,,,,,MYTHIC RARE
1588958,0,0,3,2,1,0,Strixhaven,creature,elf,Green,White,,,,UNCOMMON
1588959,3,1,1,1,2,0,Ravnica,creature,human,White,Blue,,,,UNCOMMON
1588960,0,3,2,0,2,2,Kaldheim,creature,human,Black,Red,White,,,UNCOMMON
1588961,1,1,0,3,0,2,Ravnica,equipment,Bottle,Red,Blue,White,,,RARE
1588962,2,3,3,2,2,0,Innistrad,creature,human,Red,Green,,,,COMMON
1588963,3,2,0,1,2,0,Strixhaven,equipment,Sword,Red,Black,White,,,MYTHIC RARE
1588964,0,1,2,0,1,1,Kaldheim,creature,boar,White,Green,Red,,,RARE
1588965,3,2,0,1,2,0,Strixhaven,creature,dwarf,Red,Black,White,,,RARE
1588966,1,3,3,2,1,0,Innistrad,equipment,Ring,Black,White,,,,COMMON
1588967,1,3,0,0,1,1,Kamigawa,equipment,Bottle,Blue,,,,,MYTHIC RARE
1588968,3,2,3,2,0,1,Innistrad,creature,boar,Red,,,,,COMMON
1588969,1,0,3,3,3,1,DnD,creature,dwarf,White,Blue,Red,,,UNCOMMON
1588970,0,0,1,2,2,3,Strixhaven,creature,dragon,Green,White,,,,UNCOMMON
1588971,1,0,1,1,2,3,Ravnica,creature,human,Black,Green,,,,UNCOMMON
1588972,0,0,0,2,2,0,Ravnica,equipment,Ring,Blue,Red,White,,,COMMON
1588973,3,1,0,2,2,1,Strixhaven,equipment,Bottle,Blue,Red,Green,White,Black,UNCOMMON
1588974,0,2,1,3,1,1,Kamigawa,equipment,Sword,Black,Blue,Red,,,MYTHIC RARE
1588975,3,2,3,2,3,3,DnD,creature,boar,Green,White,Red,Blue,Black,UNCOMMON
1588976,3,0,0,1,2,0,Kaldheim,equipment,Talisman,Blue,,,,,MYTHIC RARE
1588977,2,2,0,1,3,3,Kamigawa,equipment,Bottle,White,Blue,Red,,,UNCOMMON
1588978,2,1,2,3,3,3,Innistrad,equipment,Ring,Black,Green,,,,COMMON
1588979,3,0,0,0,0,1,Kamigawa,creature,human,White,,,,,RARE
1588980,2,3,2,3,1,0,DnD,creature,zombie,Red,Black,Green,,,RARE
1588981,1,1,3,3,2,2,DnD,equipment,Ring,Black,White,Blue,,,UNCOMMON
1588982,1,2,3,1,2,2,DnD,equipment,Sword,Green,,,,,MYTHIC RARE
1588983,1,2,0,3,0,3,Kamigawa,equipment,Boots,Green,White,,,,UNCOMMON
1588984,0,0,2,0,2,3,Strixhaven,creature,elf,Red,,,,,COMMON
1588985,3,0,2,2,1,2,Kamigawa,creature,dwarf,White,Green,Black,,,UNCOMMON
1588986,0,2,1,0,0,2,Ravnica,creature,human,Black,Green,Blue,,,RARE
1588987,3,2,2,1,2,3,Strixhaven,creature,zombie,Blue,,,,,RARE
1588988,1,2,2,2,2,2,Kaldheim,equipment,Boots,Black,Green,White,,,UNCOMMON
1588989,1,3,3,1,3,1,DnD,creature,dragon,Blue,Black,,,,RARE
1588990,1,3,2,1,2,0,Ravnica,equipment,Talisman,Red,Black,Blue,,,RARE
1588991,0,1,3,2,1,1,Kaldheim,creature,human,Red,,,,,RARE
1588992,1,2,0,2,3,3,DnD,creature,human,Blue,,,,,RARE
1588993,1,1,3,2,0,3,DnD,creature,boar,Green,Black,,,,UNCOMMON
1588994,0,3,3,2,2,0,Kaldheim,creature,elf,Blue,Red,,,,MYTHIC RARE
1588995,2,1,3,0,3,3,Ravnica,creature,elf,Black,White,Green,,,MYTHIC RARE
1588996,0,2,2,3,0,3,Kaldheim,equipment,Talisman,Green,Black,Red,Blue,,COMMON
1588997,2,3,0,0,0,3,Kaldheim,equipment,Bottle,Blue,,,,,MYTHIC RARE
1588998,1,0,3,1,0,3,Kamigawa,creature,dragon,Green,Black,White,,,COMMON
1588999,2,3,2,2,3,1,Strixhaven,equipment,Boots,Red,White,Green,Blue,,RARE
1589000,1,3,3,1,2,2,DnD,creature,dragon,White,Blue,Green,,,UNCOMMON
1589001,2,3,1,1,0,2,Kaldheim,creature,zombie,Black,,,,,COMMON
1589002,3,1,2,0,0,0,DnD,creature,zombie,Black,,,,,MYTHIC RARE
1589003,0,3,3,0,1,0,Kamigawa,equipment,Talisman,Blue,Black,White,,,COMMON
1589004,1,2,3,3,0,1,Ravnica,creature,human,Blue,Black,Green,Red,,COMMON
1589005,1,3,1,3,3,0,Innistrad,creature,elf,Blue,Green,Black,,,RARE
1589006,0,2,1,0,2,0,Strixhaven,creature,human,Red,,,,,UNCOMMON
1589007,0,2,0,2,0,1,Kamigawa,equipment,Bottle,Red,Green,Black,,,RARE
1589008,3,3,3,0,1,2,Strixhaven,creature,human,Red,,,,,MYTHIC RARE
1589009,0,3,1,0,2,2,Kamigawa,equipment,Boots,Green,Blue,White,,,MYTHIC RARE
1589010,0,3,3,1,3,2,Kamigawa,equipment,Sword,White,,,,,RARE
1589011,3,1,1,3,0,2,Strixhaven,creature,dragon,Black,White,,,,RARE
1589012,3,3,0,3,1,2,Kaldheim,creature,dragon,Red,,,,,UNCOMMON
1589013,3,1,2,0,2,1,Ravnica,creature,human,White,Green,Black,,,COMMON
1589014,3,1,1,2,2,2,DnD,equipment,Ring,Red,Green,,,,MYTHIC RARE
1589015,0,0,2,3,3,2,Innistrad,creature,dragon,White,,,,,RARE
1589016,1,3,0,2,0,0,DnD,creature,dragon,Red,Black,Blue,,,COMMON
1589017,3,2,3,1,0,2,Kaldheim,equipment,Bottle,Black,Blue,Green,Red,,COMMON
1589018,2,1,3,3,0,3,Kamigawa,equipment,Bottle,Green,Blue,Black,,,COMMON
1589019,1,0,3,1,2,0,Innistrad,equipment,Boots,White,Green,Black,,,COMMON
1589020,0,1,3,2,1,0,Kamigawa,creature,human,Red,,,,,MYTHIC RARE
1589021,1,0,3,3,1,0,Ravnica,equipment,Boots,Blue,,,,,UNCOMMON
1589022,0,0,0,3,2,0,Innistrad,equipment,Ring,White,Red,,,,UNCOMMON
1589023,0,1,3,2,0,0,Ravnica,creature,elf,Blue,,,,,RARE
1589024,0,3,2,2,1,1,Strixhaven,creature,human,Blue,Red,Black,,,COMMON
1589025,1,3,0,0,0,1,DnD,equipment,Talisman,Red,,,,,MYTHIC RARE
1589026,0,2,2,1,2,1,Kaldheim,equipment,Ring,Green,White,,,,MYTHIC RARE
1589027,3,3,0,0,0,1,Ravnica,equipment,Boots,Black,White,Blue,,,MYTHIC RARE
1589028,0,1,2,3,3,2,DnD,equipment,Sword,Red,,,,,MYTHIC RARE
1589029,1,2,0,1,2,2,Kaldheim,equipment,Talisman,Blue,Green,Red,White,,RARE
1589030,0,0,1,0,1,0,DnD,equipment,Boots,Green,,,,,RARE
1589031,2,3,2,2,0,2,Kamigawa,equipment,Ring,Red,White,Blue,,,UNCOMMON
1589032,3,0,3,2,1,0,Kamigawa,equipment,Bottle,White,Green,,,,MYTHIC RARE
1589033,3,0,1,0,0,1,Strixhaven,equipment,Boots,White,Green,,,,UNCOMMON
1589034,2,0,3,3,3,1,Innistrad,equipment,Talisman,Black,Green,Red,White,,RARE
1589035,1,0,3,1,1,3,Ravnica,creature,elf,White,Red,,,,MYTHIC RARE
1589036,1,2,1,3,1,1,Innistrad,equipment,Talisman,Black,,,,,UNCOMMON
1589037,0,0,0,1,1,2,Kamigawa,equipment,Sword,Green,Blue,Black,,,RARE
1589038,0,3,2,1,1,2,Kaldheim,creature,dwarf,Red,Blue,,,,RARE
1589039,0,2,1,1,3,0,Ravnica,creature,dragon,White,Black,,,,UNCOMMON
1589040,1,0,3,3,0,0,Innistrad,creature,boar,Red,Black,Green,,,UNCOMMON
1589041,3,3,0,0,1,1,Ravnica,equipment,Ring,Black,Green,White,Blue,,UNCOMMON
1589042,2,0,1,3,0,3,Kaldheim,creature,dragon,Black,Green,White,,,MYTHIC RARE
1589043,1,0,2,0,2,3,DnD,equipment,Sword,Black,Green,Blue,,,RARE
1589044,2,3,3,2,2,0,Strixhaven,equipment,Ring,Blue,Black,,,,UNCOMMON
1589045,1,0,3,3,2,2,DnD,creature,elf,Green,,,,,COMMON
1589046,2,0,3,0,2,0,Kaldheim,creature,dragon,Green,Black,,,,COMMON
1589047,1,2,1,0,2,0,Kamigawa,equipment,Boots,Red,,,,,COMMON
1589048,3,2,2,2,0,0,Innistrad,creature,boar,White,Blue,Red,Green,,COMMON
1589049,1,0,1,3,3,0,Ravnica,creature,boar,Black,,,,,COMMON
1589050,0,2,3,0,1,3,Innistrad,creature,elf,Red,Black,Blue,,,RARE
1589051,2,2,0,2,1,3,DnD,equipment,Ring,White,Blue,,,,UNCOMMON
1589052,3,0,1,3,1,0,Ravnica,creature,dwarf,Black,White,Red,,,COMMON
1589053,2,3,3,1,3,3,Innistrad,equipment,Sword,Black,Green,,,,UNCOMMON
1589054,1,2,3,2,0,0,DnD,creature,dwarf,Green,White,Black,,,COMMON
1589055,0,1,2,2,0,1,Ravnica,equipment,Bottle,Green,Blue,,,,COMMON
1589056,3,3,2,2,3,3,Ravnica,equipment,Talisman,Blue,Green,Red,,,MYTHIC RARE
1589057,0,1,3,1,1,3,Strixhaven,equipment,Sword,White,Blue,Green,,,RARE
1589058,0,2,1,1,0,2,Kaldheim,creature,zombie,Red,White,,,,UNCOMMON
1589059,2,2,1,1,3,2,Strixhaven,equipment,Sword,White,Black,,,,UNCOMMON
1589060,2,1,3,2,3,1,Innistrad,equipment,Bottle,White,,,,,MYTHIC RARE
1589061,2,3,2,2,2,1,Kaldheim,equipment,Ring,Black,Blue,,,,UNCOMMON
1589062,3,2,3,3,2,0,DnD,equipment,Bottle,Red,,,,,COMMON
1589063,1,1,1,1,3,2,Kaldheim,equipment,Talisman,Black,White,,,,RARE
1589064,0,2,3,3,3,0,Kamigawa,creature,boar,Blue,,,,,COMMON
1589065,2,1,3,1,3,2,Kamigawa,creature,elf,Blue,Black,,,,UNCOMMON
1589066,3,1,1,2,2,3,Ravnica,creature,zombie,White,Green,Blue,Red,Black,UNCOMMON
1589067,0,1,1,2,3,0,DnD,equipment,Ring,Black,,,,,MYTHIC RARE
1589068,2,0,2,2,1,3,Ravnica,equipment,Talisman,White,Black,,,,RARE
1589069,1,2,1,2,2,2,DnD,creature,elf,Red,Green,,,,RARE
1589070,0,3,1,3,3,3,Innistrad,equipment,Ring,Blue,Green,Red,White,,RARE
1589071,0,3,2,1,3,0,Kamigawa,creature,boar,Red,White,Green,,,COMMON
1589072,3,3,3,3,0,1,Kamigawa,creature,dragon,Red,,,,,RARE
1589073,2,3,0,0,3,2,Innistrad,equipment,Ring,Black,,,,,UNCOMMON
1589074,2,2,3,1,1,0,Ravnica,creature,zombie,Blue,Green,,,,UNCOMMON
1589075,2,0,0,1,0,2,Kamigawa,equipment,Ring,Black,Green,White,,,RARE
1589076,3,3,3,3,0,2,Innistrad,equipment,Bottle,Blue,Black,Red,Green,,RARE
1589077,0,0,0,3,3,1,Kamigawa,equipment,Boots,Blue,Red,Black,,,MYTHIC RARE
1589078,3,2,2,3,2,1,Kaldheim,equipment,Sword,Red,Blue,,,,RARE
1589079,2,2,2,0,2,1,Innistrad,equipment,Sword,Blue,,,,,RARE
1589080,2,3,0,2,3,3,Innistrad,creature,dragon,Blue,Black,,,,UNCOMMON
1589081,2,1,3,0,2,2,Strixhaven,equipment,Talisman,White,Green,,,,RARE
1589082,3,1,2,2,2,1,Strixhaven,equipment,Boots,White,Black,,,,COMMON
1589083,0,3,2,3,1,2,Innistrad,equipment,Bottle,Red,Green,,,,MYTHIC RARE
1589084,2,3,1,1,1,2,Innistrad,creature,elf,Green,,,,,COMMON
1589085,1,2,1,0,3,3,DnD,equipment,Sword,Green,,,,,MYTHIC RARE
1589086,1,0,1,2,2,2,Strixhaven,creature,dwarf,Green,,,,,COMMON
1589087,3,1,1,0,3,1,Ravnica,creature,zombie,Blue,Black,Red,,,UNCOMMON
1589088,0,2,2,1,0,3,Kamigawa,creature,zombie,Green,Red,Blue,,,UNCOMMON
1589089,1,3,1,1,2,3,Ravnica,equipment,Sword,Black,Red,,,,COMMON
1589090,3,0,0,3,3,0,DnD,equipment,Bottle,Black,Green,Blue,Red,,COMMON
1589091,2,2,0,0,3,0,Kaldheim,equipment,Bottle,White,Green,Blue,Red,,RARE
1589092,1,2,3,2,0,1,Kaldheim,equipment,Sword,White,Red,Black,,,COMMON
1589093,3,3,0,2,3,3,Kamigawa,equipment,Boots,Green,Blue,,,,COMMON
1589094,2,2,2,3,0,2,Strixhaven,equipment,Sword,White,,,,,UNCOMMON
1589095,2,1,3,3,0,2,Innistrad,equipment,Ring,Green,Black,Red,,,RARE
1589096,0,1,0,3,2,2,DnD,creature,dragon,Red,,,,,UNCOMMON
1589097,0,1,1,3,2,1,DnD,creature,elf,Red,White,Black,,,COMMON
1589098,1,1,1,1,1,0,Strixhaven,equipment,Ring,Blue,Black,,,,RARE
1589099,0,0,1,2,2,3,Kaldheim,equipment,Ring,Black,Red,Blue,,,RARE
1589100,2,1,0,1,0,3,Innistrad,creature,dragon,Red,,,,,COMMON
1589101,1,1,2,0,0,2,Strixhaven,equipment,Ring,Red,Black,Green,,,RARE
1589102,3,2,2,0,0,3,Strixhaven,equipment,Sword,Red,White,,,,UNCOMMON
1589103,2,0,3,0,2,2,Strixhaven,creature,dragon,Black,Red,,,,COMMON
1589104,3,0,1,3,0,2,Innistrad,creature,dragon,White,Blue,,,,RARE
1589105,2,2,2,0,0,0,Kamigawa,creature,zombie,White,Red,Blue,,,RARE
1589106,2,0,2,2,0,2,Kaldheim,equipment,Sword,Blue,,,,,RARE
1589107,0,3,3,3,2,2,Strixhaven,equipment,Ring,Green,Blue,Red,,,UNCOMMON
1589108,3,3,3,3,2,0,Kamigawa,equipment,Boots,Black,Red,,,,COMMON
1589109,3,1,0,3,1,1,Ravnica,creature,boar,Red,,,,,COMMON
1589110,1,1,3,0,2,3,Kamigawa,equipment,Talisman,Green,Red,,,,RARE
1589111,0,2,3,3,1,0,Strixhaven,equipment,Sword,Blue,,,,,COMMON
1589112,0,0,2,2,2,3,Kamigawa,creature,dragon,White,Green,,,,UNCOMMON
1589113,3,0,2,0,1,3,Innistrad,creature,boar,Red,,,,,UNCOMMON
1589114,0,2,2,3,2,3,Kaldheim,creature,zombie,Blue,Black,White,Red,,COMMON
1589115,2,2,3,3,2,1,DnD,creature,human,Green,,,,,RARE
1589116,3,1,3,3,2,3,Strixhaven,equipment,Ring,Red,Blue,,,,MYTHIC RARE
1589117,3,3,2,3,0,1,Kamigawa,equipment,Bottle,Black,White,Red,,,RARE
1589118,1,0,2,1,0,0,Ravnica,equipment,Talisman,Black,Blue,White,,,COMMON
1589119,2,3,3,0,1,0,Ravnica,equipment,Talisman,Red,White,,,,UNCOMMON
1589120,2,3,3,2,3,1,Kaldheim,creature,dwarf,Black,Blue,Red,Green,,RARE
1589121,1,2,2,0,2,0,Ravnica,equipment,Ring,Blue,White,Green,,,MYTHIC RARE
1589122,0,3,3,0,1,0,DnD,equipment,Ring,Green,White,,,,RARE
1589123,2,2,3,3,1,0,Innistrad,equipment,Bottle,Green,,,,,RARE
1589124,2,1,3,1,2,2,DnD,creature,human,Blue,Black,White,Green,,UNCOMMON
1589125,0,3,0,0,1,1,Innistrad,creature,dragon,Black,,,,,COMMON
1589126,0,0,0,0,0,0,Kaldheim,equipment,Boots,Black,Green,White,,,COMMON
1589127,3,0,1,1,1,3,Kaldheim,creature,human,Black,,,,,UNCOMMON
1589128,2,0,2,0,1,1,Kamigawa,creature,human,Red,Black,,,,COMMON
1589129,1,2,2,1,3,0,DnD,equipment,Talisman,White,Blue,,,,COMMON
1589130,2,2,0,2,1,1,DnD,equipment,Sword,Black,Green,Red,,,COMMON
1589131,1,1,2,3,0,0,DnD,equipment,Sword,Green,Red,Blue,,,COMMON
1589132,3,0,2,0,2,2,Ravnica,creature,boar,Green,,,,,MYTHIC RARE
1589133,1,1,0,3,1,0,Innistrad,equipment,Talisman,Red,Black,,,,COMMON
1589134,1,3,1,3,1,0,Kaldheim,equipment,Talisman,Blue,White,,,,RARE
1589135,2,3,0,2,1,3,Strixhaven,equipment,Ring,Black,Green,White,Red,Blue,UNCOMMON
1589136,0,2,2,2,2,2,Ravnica,equipment,Ring,Black,Blue,Red,,,COMMON
1589137,2,1,2,0,3,1,Kaldheim,equipment,Boots,Green,Black,,,,MYTHIC RARE
1589138,1,3,1,3,3,2,Kaldheim,creature,dwarf,Blue,White,,,,COMMON
1589139,0,3,0,0,1,1,DnD,equipment,Talisman,Blue,Green,,,,RARE
1589140,2,2,3,3,0,3,Innistrad,equipment,Talisman,Green,,,,,UNCOMMON
1589141,3,3,2,2,2,2,Kamigawa,equipment,Bottle,Green,White,,,,MYTHIC RARE
1589142,0,0,2,1,2,2,Strixhaven,equipment,Sword,Red,Black,,,,COMMON
1589143,1,1,3,0,1,2,Kaldheim,creature,zombie,Blue,White,Green,,,RARE
1589144,2,2,3,1,3,3,Ravnica,equipment,Talisman,Green,Blue,,,,MYTHIC RARE
1589145,1,2,1,1,1,2,DnD,creature,zombie,Red,Black,Blue,,,RARE
1589146,2,0,0,3,2,0,Innistrad,equipment,Boots,Blue,Green,Red,,,MYTHIC RARE
1589147,1,1,1,2,1,2,Innistrad,equipment,Sword,Red,Black,White,,,UNCOMMON
1589148,2,3,2,0,0,0,Kamigawa,equipment,Sword,Black,White,,,,RARE
1589149,3,0,2,3,0,3,Strixhaven,creature,zombie,White,Black,Blue,Red,,UNCOMMON
1589150,0,1,1,2,0,1,DnD,equipment,Talisman,White,Black,Green,,,RARE
1589151,2,3,1,3,1,1,DnD,equipment,Sword,White,,,,,UNCOMMON
1589152,2,2,3,1,1,0,Strixhaven,equipment,Ring,White,Green,Blue,Black,,RARE
1589153,1,0,3,0,2,0,Innistrad,equipment,Talisman,Green,Black,Blue,,,RARE
1589154,3,2,1,1,3,0,Innistrad,creature,elf,Green,,,,,UNCOMMON
1589155,1,2,2,0,1,0,Kaldheim,equipment,Boots,White,Black,Red,,,MYTHIC RARE
1589156,0,2,1,1,3,0,Ravnica,creature,elf,White,Green,Red,Blue,,MYTHIC RARE
1589157,3,1,3,2,2,0,DnD,creature,dragon,Green,,,,,COMMON
1589158,2,2,2,1,1,1,Kamigawa,equipment,Boots,Green,Black,White,,,UNCOMMON
1589159,0,1,1,1,2,3,Kaldheim,equipment,Boots,Green,Red,Blue,,,COMMON
1589160,3,1,1,1,3,2,Strixhaven,equipment,Bottle,Blue,Green,,,,COMMON
1589161,0,1,1,3,1,0,Kamigawa,creature,zombie,Green,Blue,Red,White,,COMMON
1589162,0,3,0,0,0,1,Ravnica,equipment,Talisman,Blue,,,,,COMMON
1589163,2,3,1,2,0,3,Ravnica,creature,dragon,Red,Green,,,,RARE
1589164,2,3,1,1,2,0,Innistrad,creature,zombie,White,Red,Black,,,COMMON
1589165,2,1,1,3,0,1,Innistrad,equipment,Bottle,Green,Red,Black,,,MYTHIC RARE
1589166,0,1,3,3,0,1,Strixhaven,creature,dwarf,Blue,,,,,UNCOMMON
1589167,1,3,0,1,3,1,Strixhaven,creature,dragon,Green,Blue,,,,RARE
1589168,1,3,1,3,0,0,Ravnica,equipment,Ring,Blue,White,,,,RARE
1589169,0,0,0,0,1,3,Kamigawa,creature,dwarf,White,,,,,COMMON
1589170,3,0,0,0,1,1,Kaldheim,creature,boar,Red,Black,Green,,,UNCOMMON
1589171,3,0,1,1,3,3,Ravnica,creature,zombie,Green,Black,,,,UNCOMMON
1589172,3,3,0,0,3,1,Strixhaven,creature,dwarf,Green,Black,Blue,,,RARE
1589173,3,0,0,0,0,0,Ravnica,equipment,Talisman,Blue,White,Black,Red,,RARE
1589174,2,0,3,3,0,3,Innistrad,equipment,Sword,White,Black,Blue,Red,,RARE
1589175,0,3,0,1,0,3,Kamigawa,creature,elf,Blue,,,,,MYTHIC RARE
1589176,2,0,3,1,3,3,Strixhaven,equipment,Boots,Green,Red,Black,,,MYTHIC RARE
1589177,3,1,3,1,3,2,Ravnica,equipment,Talisman,Black,Red,Blue,,,COMMON
1589178,3,3,0,1,2,1,Strixhaven,equipment,Ring,Green,Black,Red,,,RARE
1589179,2,1,1,0,3,0,Innistrad,equipment,Talisman,Green,,,,,RARE
1589180,3,1,1,2,0,0,Kaldheim,equipment,Bottle,Green,,,,,RARE
1589181,3,3,2,0,1,1,Innistrad,equipment,Ring,Blue,Red,Black,Green,,RARE
1589182,2,1,0,3,1,2,Ravnica,equipment,Ring,Green,Red,,,,MYTHIC RARE
1589183,1,3,1,0,1,1,Kaldheim,equipment,Boots,Black,White,Green,,,COMMON
1589184,2,1,1,1,1,2,Kamigawa,equipment,Ring,Blue,Red,,,,MYTHIC RARE
1589185,0,2,1,0,2,1,Ravnica,creature,zombie,White,Red,,,,COMMON
1589186,2,1,3,0,2,1,Strixhaven,creature,human,Red,,,,,UNCOMMON
1589187,0,2,1,0,1,3,Strixhaven,equipment,Ring,Black,Green,,,,COMMON
1589188,0,2,2,0,1,2,Kaldheim,creature,human,Black,Green,,,,MYTHIC RARE
1589189,1,3,2,1,1,2,Innistrad,equipment,Boots,Blue,Red,,,,RARE
1589190,0,1,1,0,3,0,Kaldheim,equipment,Bottle,Black,,,,,RARE
1589191,0,1,1,0,1,3,Ravnica,creature,elf,Red,,,,,COMMON
1589192,2,3,1,3,3,0,Strixhaven,creature,dragon,Green,Red,White,,,MYTHIC RARE
1589193,3,1,1,0,3,3,Ravnica,equipment,Sword,Green,White,Red,,,RARE
1589194,2,3,2,0,1,3,Kamigawa,creature,dragon,White,Red,,,,RARE
1589195,2,3,3,1,2,2,DnD,creature,boar,Red,White,,,,RARE
1589196,1,2,3,1,0,3,Strixhaven,equipment,Boots,Blue,,,,,RARE
1589197,3,0,0,0,3,1,Kamigawa,creature,dragon,Red,Blue,,,,COMMON
1589198,3,3,0,2,2,2,Ravnica,creature,dwarf,White,Blue,Red,,,COMMON
1589199,0,3,3,2,1,3,Kamigawa,equipment,Sword,Black,White,Green,,,COMMON
1589200,2,3,1,3,3,2,DnD,equipment,Ring,Black,Green,White,,,MYTHIC RARE
1589201,0,2,3,3,0,0,Strixhaven,equipment,Ring,Red,Green,Blue,,,RARE
1589202,0,1,3,2,1,1,Innistrad,equipment,Bottle,Red,Black,White,,,COMMON
1589203,1,1,2,1,0,2,Innistrad,creature,zombie,Blue,White,,,,UNCOMMON
1589204,3,1,2,0,0,0,DnD,equipment,Ring,Black,White,,,,RARE
1589205,2,3,2,1,0,1,Kaldheim,creature,boar,Green,,,,,UNCOMMON
1589206,1,3,2,2,2,1,Kaldheim,creature,zombie,Green,,,,,RARE
1589207,2,0,3,2,1,3,Strixhaven,equipment,Sword,Black,,,,,RARE
1589208,3,3,0,3,1,2,Strixhaven,equipment,Sword,Black,,,,,UNCOMMON
1589209,0,1,2,2,1,2,Kaldheim,equipment,Boots,Green,White,Red,,,MYTHIC RARE
1589210,0,1,1,3,1,1,Kamigawa,creature,dwarf,Black,,,,,UNCOMMON
1589211,1,0,1,0,3,1,Ravnica,equipment,Sword,Green,Red,,,,COMMON
1589212,0,2,1,3,2,3,Ravnica,creature,boar,Green,White,,,,COMMON
1589213,1,1,2,3,1,1,Innistrad,equipment,Sword,Black,White,,,,UNCOMMON
1589214,3,2,3,3,3,3,DnD,equipment,Talisman,Black,,,,,RARE
1589215,2,3,3,3,0,0,Strixhaven,creature,zombie,Black,White,,,,COMMON
1589216,3,2,0,0,3,0,Innistrad,equipment,Boots,Black,Blue,,,,UNCOMMON
1589217,2,3,3,2,2,2,Kamigawa,equipment,Sword,Red,Green,,,,MYTHIC RARE
1589218,2,3,0,1,1,1,Innistrad,creature,elf,Black,White,,,,MYTHIC RARE
1589219,0,1,1,2,0,1,Kaldheim,equipment,Talisman,Red,Blue,Green,,,RARE
1589220,2,1,2,0,0,2,Kamigawa,equipment,Ring,White,Black,,,,MYTHIC RARE
1589221,3,0,2,1,1,0,Kamigawa,creature,dragon,Green,Black,White,,,UNCOMMON
1589222,2,1,0,3,0,1,DnD,creature,human,Red,Blue,,,,UNCOMMON
1589223,1,2,0,0,1,1,Ravnica,creature,dwarf,Red,White,Black,,,MYTHIC RARE
1589224,3,1,3,3,2,0,Innistrad,creature,dwarf,White,Blue,,,,COMMON
1589225,2,1,0,3,3,0,Kamigawa,equipment,Ring,Blue,White,Black,,,COMMON
1589226,0,1,2,2,2,2,Strixhaven,equipment,Sword,Red,,,,,MYTHIC RARE
1589227,3,2,1,2,1,1,Kaldheim,equipment,Talisman,Black,Red,,,,MYTHIC RARE
1589228,2,1,0,0,3,1,DnD,equipment,Bottle,Blue,Black,,,,COMMON
1589229,3,0,2,0,3,3,Strixhaven,creature,dragon,White,Blue,Black,Red,,UNCOMMON
1589230,0,2,3,3,2,1,Strixhaven,creature,boar,Red,Green,,,,UNCOMMON
1589231,0,1,1,0,1,3,Strixhaven,creature,zombie,Black,Blue,,,,MYTHIC RARE
1589232,1,1,0,0,2,3,Strixhaven,creature,human,Black,,,,,RARE
1589233,0,1,0,0,2,1,Kamigawa,creature,zombie,White,Black,,,,MYTHIC RARE
1589234,2,3,2,0,0,2,Kaldheim,creature,zombie,Black,White,Red,,,COMMON
1589235,2,0,1,2,1,1,Kamigawa,creature,human,Blue,Black,Green,,,MYTHIC RARE
1589236,0,1,1,0,0,2,Innistrad,equipment,Ring,Black,White,,,,RARE
1589237,0,1,3,2,2,3,DnD,creature,zombie,White,Red,Black,,,COMMON
1589238,1,2,0,1,2,1,Strixhaven,equipment,Ring,Red,White,Black,Blue,,COMMON
1589239,0,2,1,0,0,2,Strixhaven,equipment,Ring,Black,,,,,RARE
1589240,0,1,0,3,0,1,Innistrad,equipment,Boots,Black,White,Blue,,,RARE
1589241,2,3,0,3,1,2,Kaldheim,equipment,Talisman,Black,Blue,,,,UNCOMMON
1589242,1,1,3,3,1,0,Strixhaven,equipment,Sword,Green,Blue,Black,White,,MYTHIC RARE
1589243,0,2,3,2,3,0,Innistrad,equipment,Ring,White,,,,,RARE
1589244,0,0,3,0,2,0,Strixhaven,equipment,Ring,Blue,Red,White,Green,,MYTHIC RARE
1589245,2,0,1,2,1,1,Strixhaven,creature,dragon,Red,,,,,MYTHIC RARE
1589246,3,3,3,2,3,3,DnD,equipment,Ring,Red,Green,Blue,,,UNCOMMON
1589247,3,0,3,3,2,0,Kamigawa,creature,dragon,Green,Blue,Black,,,UNCOMMON
1589248,3,0,3,0,2,1,DnD,equipment,Boots,Green,,,,,COMMON
1589249,2,3,2,3,3,0,Ravnica,equipment,Boots,Red,Blue,White,Black,,COMMON
1589250,2,2,3,3,0,0,Innistrad,equipment,Talisman,Blue,Green,White,,,RARE
1589251,0,2,1,1,0,0,DnD,equipment,Bottle,Black,,,,,RARE
1589252,3,3,0,3,2,0,Ravnica,equipment,Talisman,Red,,,,,MYTHIC RARE
1589253,1,1,0,1,1,1,Innistrad,equipment,Bottle,Green,,,,,MYTHIC RARE
1589254,0,1,0,2,1,0,Strixhaven,equipment,Ring,Black,Red,Blue,,,COMMON
1589255,0,2,1,0,3,3,Ravnica,equipment,Ring,Green,White,Black,,,MYTHIC RARE
1589256,1,3,1,0,2,1,Strixhaven,creature,zombie,Green,White,,,,RARE
1589257,1,1,2,2,0,3,Innistrad,equipment,Bottle,Blue,Red,White,,,RARE
1589258,3,0,2,2,2,2,Innistrad,creature,human,Blue,Red,Black,,,MYTHIC RARE
1589259,2,0,3,3,2,3,Strixhaven,creature,dragon,Blue,White,Red,Green,,RARE
1589260,2,3,2,2,1,0,Kaldheim,creature,elf,Black,Green,,,,RARE
1589261,0,3,3,1,1,0,Kamigawa,equipment,Bottle,Black,Blue,Green,,,RARE
1589262,3,1,1,3,3,3,Innistrad,creature,human,Blue,,,,,UNCOMMON
1589263,2,0,3,3,2,0,DnD,creature,boar,White,Green,Black,,,MYTHIC RARE
1589264,2,0,0,1,3,0,Strixhaven,creature,dragon,Blue,,,,,UNCOMMON
1589265,0,2,3,2,1,2,Ravnica,creature,boar,Blue,Red,,,,RARE
1589266,0,3,1,0,2,3,DnD,creature,human,Black,Blue,,,,MYTHIC RARE
1589267,0,1,3,0,3,3,Kamigawa,creature,elf,Blue,Red,Black,White,,MYTHIC RARE
1589268,0,0,2,3,0,1,Innistrad,creature,human,Red,Blue,White,,,MYTHIC RARE
1589269,3,1,3,3,2,2,Kaldheim,equipment,Sword,Blue,Green,Red,,,MYTHIC RARE
1589270,3,2,3,1,0,3,Innistrad,creature,dragon,Black,Blue,White,,,UNCOMMON
1589271,3,1,3,2,1,1,Kamigawa,creature,zombie,White,,,,,RARE
1589272,0,2,2,2,0,2,DnD,equipment,Boots,Green,Black,Red,,,COMMON
1589273,3,1,1,3,3,3,Strixhaven,creature,zombie,White,Red,Blue,Green,,RARE
1589274,3,1,1,0,1,3,DnD,creature,elf,White,Blue,Black,Red,,MYTHIC RARE
1589275,1,3,0,0,1,0,Kaldheim,equipment,Bottle,Black,Red,,,,COMMON
1589276,0,1,1,2,3,3,Kamigawa,equipment,Boots,White,Blue,,,,UNCOMMON
1589277,3,1,2,2,0,2,Kaldheim,creature,dragon,Blue,Red,Green,,,COMMON
1589278,0,0,2,2,0,1,DnD,creature,boar,Red,,,,,RARE
1589279,1,1,1,2,0,2,Ravnica,creature,elf,Black,Red,,,,MYTHIC RARE
1589280,1,1,2,1,3,0,DnD,creature,zombie,Red,White,Blue,,,MYTHIC RARE
1589281,3,0,0,3,3,2,Kaldheim,equipment,Ring,White,Green,Red,,,MYTHIC RARE
1589282,2,2,2,0,0,1,Kaldheim,equipment,Talisman,Green,,,,,MYTHIC RARE
1589283,2,2,2,2,1,1,Kamigawa,creature,boar,Green,Red,White,,,MYTHIC RARE
1589284,1,1,3,3,0,3,DnD,equipment,Ring,Red,White,,,,COMMON
1589285,3,0,3,0,0,2,Kaldheim,equipment,Sword,Black,,,,,MYTHIC RARE
1589286,0,0,2,2,0,1,Innistrad,creature,zombie,Green,Black,,,,UNCOMMON
1589287,3,0,0,1,3,3,Ravnica,equipment,Boots,Green,,,,,COMMON
1589288,1,3,0,0,2,1,Kaldheim,equipment,Ring,Green,Blue,Black,,,MYTHIC RARE
1589289,3,2,0,1,3,3,Kaldheim,equipment,Talisman,Red,Blue,,,,UNCOMMON
1589290,0,3,0,1,2,3,Kaldheim,equipment,Bottle,Green,Black,,,,UNCOMMON
1589291,2,2,3,3,1,0,Ravnica,equipment,Ring,Red,Blue,Black,,,RARE
1589292,0,3,1,0,3,3,Ravnica,equipment,Boots,Red,Green,Blue,,,UNCOMMON
1589293,3,3,0,0,2,2,Innistrad,equipment,Boots,Black,White,Red,,,UNCOMMON
1589294,3,0,0,2,0,0,Strixhaven,creature,elf,Green,Blue,Black,,,COMMON
1589295,0,2,1,2,2,3,Kaldheim,creature,dwarf,Red,,,,,RARE
1589296,0,3,1,3,1,3,Strixhaven,equipment,Bottle,White,,,,,COMMON
1589297,3,2,0,3,3,3,DnD,equipment,Talisman,White,Blue,,,,UNCOMMON
1589298,3,1,1,3,2,2,Innistrad,equipment,Bottle,Red,,,,,COMMON
1589299,2,2,2,3,0,2,Innistrad,creature,dragon,Blue,,,,,RARE
1589300,2,0,0,1,3,1,Innistrad,creature,zombie,Blue,White,,,,COMMON
1589301,2,3,0,2,1,2,Kaldheim,equipment,Boots,Green,White,,,,RARE
1589302,3,0,1,2,0,0,DnD,creature,human,Red,Green,White,,,MYTHIC RARE
1589303,3,1,2,0,2,3,Ravnica,equipment,Talisman,Green,,,,,MYTHIC RARE
1589304,3,0,3,1,2,3,Strixhaven,creature,human,Red,Black,Green,Blue,,MYTHIC RARE
1589305,3,3,2,3,1,0,Ravnica,creature,dwarf,Blue,,,,,RARE
1589306,0,3,3,3,3,2,Innistrad,equipment,Talisman,White,Green,Red,Black,Blue,COMMON
1589307,2,1,0,1,0,3,Innistrad,equipment,Boots,Red,,,,,RARE
1589308,1,2,3,3,1,3,Kaldheim,equipment,Talisman,White,Blue,Black,Green,Red,UNCOMMON
1589309,2,3,0,2,2,0,Ravnica,creature,zombie,White,Green,,,,UNCOMMON
1589310,3,3,1,0,0,1,Ravnica,creature,human,Green,Black,Blue,,,UNCOMMON
1589311,3,1,3,0,2,3,DnD,creature,human,White,Blue,Red,,,MYTHIC RARE
1589312,2,1,2,3,2,1,Kaldheim,creature,boar,Blue,White,Green,,,MYTHIC RARE
1589313,2,2,3,1,1,1,Innistrad,creature,elf,Red,White,,,,RARE
1589314,1,3,0,3,3,3,Innistrad,equipment,Ring,Black,Red,Green,,,MYTHIC RARE
1589315,1,0,2,1,3,2,Ravnica,creature,elf,Green,Red,,,,MYTHIC RARE
1589316,3,1,2,1,3,1,Strixhaven,creature,dwarf,Red,,,,,MYTHIC RARE
1589317,0,3,3,2,3,1,Kamigawa,creature,boar,Blue,Black,,,,MYTHIC RARE
1589318,3,0,0,0,0,2,Ravnica,equipment,Talisman,Blue,White,,,,MYTHIC RARE
1589319,1,2,1,2,1,3,Kamigawa,creature,elf,Green,White,,,,MYTHIC RARE
1589320,0,0,3,0,0,2,Ravnica,equipment,Sword,White,,,,,COMMON
1589321,0,2,1,3,1,1,Strixhaven,equipment,Boots,White,Green,,,,MYTHIC RARE
1589322,3,1,0,1,3,1,Kaldheim,equipment,Bottle,Green,Red,White,,,MYTHIC RARE
1589323,3,3,0,0,3,1,Kaldheim,creature,dwarf,White,Green,Red,Black,,COMMON
1589324,3,2,3,2,0,0,Strixhaven,creature,elf,White,Blue,Black,,,RARE
1589325,1,0,3,1,0,1,DnD,creature,dwarf,Green,Black,,,,MYTHIC RARE
1589326,2,0,1,0,3,0,DnD,equipment,Talisman,White,Green,Red,Blue,,UNCOMMON
1589327,3,1,2,1,1,3,Kamigawa,equipment,Boots,Black,Blue,White,Red,,COMMON
1589328,0,0,0,0,2,0,Strixhaven,equipment,Talisman,Red,White,Blue,Green,,RARE
1589329,2,1,1,3,2,0,Kamigawa,equipment,Talisman,Green,Blue,,,,RARE
1589330,1,2,1,2,1,3,Innistrad,creature,elf,Green,Black,,,,RARE
1589331,2,3,1,0,2,3,Kamigawa,equipment,Talisman,White,Black,Green,,,MYTHIC RARE
1589332,1,2,1,2,0,2,Innistrad,equipment,Ring,Red,Black,Green,White,,COMMON
1589333,2,0,0,1,2,3,DnD,equipment,Boots,Blue,Green,White,,,MYTHIC RARE
1589334,1,2,3,3,2,0,Strixhaven,equipment,Ring,Black,Red,White,,,UNCOMMON
1589335,2,3,1,1,3,1,Ravnica,creature,boar,Green,,,,,MYTHIC RARE
1589336,3,1,3,1,0,0,Kaldheim,creature,dragon,Green,Red,Black,,,UNCOMMON
1589337,1,2,2,1,0,0,Innistrad,equipment,Sword,Black,Red,White,,,RARE
1589338,1,3,0,3,3,1,Strixhaven,creature,elf,Blue,,,,,COMMON
1589339,3,3,0,2,2,0,Innistrad,equipment,Sword,White,Blue,Red,,,RARE
1589340,2,1,2,3,1,3,Strixhaven,creature,dragon,Green,Blue,White,,,COMMON
1589341,0,1,1,3,3,3,Strixhaven,equipment,Sword,Green,Blue,White,,,UNCOMMON
1589342,3,0,2,1,1,3,Kaldheim,creature,human,Black,,,,,RARE
1589343,0,2,1,3,2,0,DnD,creature,elf,Black,Blue,,,,UNCOMMON
1589344,0,0,0,1,2,2,Strixhaven,creature,elf,Red,,,,,MYTHIC RARE
1589345,3,2,0,0,3,2,Strixhaven,creature,dwarf,Red,,,,,COMMON
1589346,0,2,1,2,0,2,Strixhaven,equipment,Sword,Blue,,,,,RARE
1589347,3,1,0,0,1,0,Kamigawa,creature,dwarf,White,Red,,,,RARE
1589348,0,1,1,0,0,1,Strixhaven,creature,elf,Green,White,,,,UNCOMMON
1589349,2,1,3,1,0,2,Kamigawa,creature,elf,Green,Black,,,,RARE
1589350,3,0,3,3,3,2,DnD,equipment,Sword,Blue,Red,White,,,COMMON
1589351,1,2,3,0,2,1,Kaldheim,equipment,Talisman,Green,Red,,,,UNCOMMON
1589352,2,3,0,3,2,3,Ravnica,equipment,Boots,Red,Green,White,,,MYTHIC RARE
1589353,0,1,3,0,0,2,DnD,creature,boar,Black,,,,,MYTHIC RARE
1589354,2,1,0,1,3,3,Strixhaven,equipment,Sword,Black,Blue,,,,UNCOMMON
1589355,0,1,3,2,0,3,Kamigawa,equipment,Boots,Red,White,Blue,Green,,COMMON
1589356,0,2,2,2,0,2,Kamigawa,equipment,Boots,Red,Blue,Black,White,,UNCOMMON
1589357,2,3,2,2,3,0,Strixhaven,creature,elf,Green,Black,Blue,,,RARE
1589358,2,0,0,3,3,1,Ravnica,equipment,Sword,Blue,,,,,MYTHIC RARE
1589359,0,2,3,2,0,1,Innistrad,creature,dwarf,Blue,Green,,,,RARE
1589360,3,2,2,2,1,1,Strixhaven,equipment,Boots,Blue,,,,,COMMON
1589361,2,1,0,1,1,0,Strixhaven,creature,dragon,Black,Green,,,,UNCOMMON
1589362,3,1,1,0,1,0,Innistrad,equipment,Bottle,Blue,,,,,COMMON
1589363,1,2,0,3,1,2,Innistrad,equipment,Bottle,Green,Blue,,,,COMMON
1589364,0,0,2,3,2,2,Ravnica,equipment,Sword,White,Green,Blue,Red,,COMMON
1589365,3,3,1,3,0,2,Ravnica,creature,elf,Red,White,Blue,Black,,MYTHIC RARE
1589366,3,3,2,1,3,2,Kaldheim,equipment,Boots,Black,,,,,UNCOMMON
1589367,2,0,3,3,2,3,Kamigawa,creature,boar,White,Green,,,,UNCOMMON
1589368,3,0,2,0,0,2,Kaldheim,equipment,Bottle,Blue,,,,,MYTHIC RARE
1589369,3,2,3,1,2,3,Ravnica,creature,dragon,Green,,,,,RARE
1589370,0,0,1,3,1,2,Innistrad,equipment,Boots,Blue,Black,Red,,,RARE
1589371,1,3,1,3,2,3,DnD,creature,human,Red,,,,,COMMON
1589372,2,0,2,0,3,0,Ravnica,equipment,Sword,White,Red,Blue,Green,,RARE
1589373,2,0,1,2,0,2,Kaldheim,creature,elf,White,Green,Red,,,RARE
1589374,1,2,3,0,2,2,Kaldheim,equipment,Ring,Blue,,,,,UNCOMMON
1589375,1,3,0,2,0,3,Kamigawa,creature,zombie,White,Red,Black,,,RARE
1589376,0,1,2,1,3,2,Strixhaven,creature,dragon,Black,Red,,,,MYTHIC RARE
1589377,3,0,0,0,1,2,Kamigawa,equipment,Bottle,Black,,,,,MYTHIC RARE
1589378,3,1,0,1,1,3,Strixhaven,creature,human,Black,Blue,,,,UNCOMMON
1589379,0,3,3,2,0,1,DnD,creature,zombie,Black,White,Blue,Red,,RARE
1589380,0,0,3,1,3,1,DnD,equipment,Boots,Green,White,Blue,,,MYTHIC RARE
1589381,2,1,2,0,3,0,Ravnica,creature,boar,Green,Blue,Red,,,MYTHIC RARE
1589382,3,3,1,3,2,2,Strixhaven,equipment,Ring,Black,Blue,White,Red,,UNCOMMON
1589383,3,0,1,2,1,3,Innistrad,equipment,Ring,Red,Black,,,,UNCOMMON
1589384,0,1,0,0,2,1,Kaldheim,equipment,Talisman,Black,Blue,,,,UNCOMMON
1589385,3,0,0,2,0,1,Ravnica,creature,dragon,Black,White,,,,UNCOMMON
1589386,0,1,2,1,0,0,Strixhaven,creature,elf,Black,,,,,RARE
1589387,2,1,0,1,0,3,DnD,equipment,Ring,Green,,,,,RARE
1589388,1,0,2,2,2,0,DnD,equipment,Sword,Red,Green,Black,Blue,,RARE
1589389,1,2,1,3,2,1,Strixhaven,creature,dragon,Black,White,Green,,,RARE
1589390,2,2,0,0,1,3,Kaldheim,equipment,Boots,White,Black,Blue,,,UNCOMMON
1589391,0,1,0,0,1,1,Kamigawa,creature,dragon,Red,Blue,,,,MYTHIC RARE
1589392,1,0,1,3,1,1,DnD,equipment,Sword,White,,,,,UNCOMMON
1589393,3,3,1,3,3,1,DnD,creature,dragon,White,,,,,MYTHIC RARE
1589394,0,1,0,2,3,1,Strixhaven,creature,human,Blue,Black,White,,,COMMON
1589395,1,1,1,3,3,2,DnD,equipment,Sword,White,Red,,,,COMMON
1589396,2,0,2,3,1,2,Kaldheim,creature,dwarf,White,Blue,,,,COMMON
1589397,1,0,2,1,3,0,Innistrad,equipment,Talisman,White,Green,,,,UNCOMMON
1589398,1,1,1,2,2,1,Strixhaven,creature,elf,Green,,,,,MYTHIC RARE
1589399,1,0,2,3,2,3,Strixhaven,creature,boar,Green,Black,,,,MYTHIC RARE
1589400,0,1,2,3,0,2,Innistrad,equipment,Bottle,Black,White,,,,COMMON
1589401,1,3,1,0,3,3,Innistrad,creature,boar,Green,Black,,,,RARE
1589402,0,3,2,1,3,0,Kaldheim,equipment,Talisman,Red,,,,,RARE
1589403,1,1,0,2,1,2,Kamigawa,creature,dragon,Red,,,,,MYTHIC RARE
1589404,3,2,3,2,2,0,DnD,creature,dwarf,Green,White,,,,COMMON
1589405,0,2,3,2,1,2,DnD,creature,dragon,White,Red,Green,,,COMMON
1589406,0,1,3,1,1,3,Strixhaven,equipment,Sword,Black,Red,,,,RARE
1589407,0,3,2,3,2,0,Kaldheim,creature,elf,Blue,Black,Green,,,RARE
1589408,0,1,2,0,2,1,Kaldheim,creature,human,Green,Blue,White,,,MYTHIC RARE
1589409,2,0,3,2,1,0,Kamigawa,creature,dragon,Black,White,,,,COMMON
1589410,1,1,0,0,2,3,Kamigawa,equipment,Sword,Black,,,,,MYTHIC RARE
1589411,0,1,0,2,1,1,Strixhaven,equipment,Bottle,Black,Red,,,,MYTHIC RARE
1589412,3,0,1,1,2,3,Strixhaven,creature,zombie,Red,Black,,,,COMMON
1589413,2,1,1,1,3,0,Ravnica,creature,boar,White,Green,Red,,,UNCOMMON
1589414,0,0,3,1,3,1,Strixhaven,equipment,Sword,Black,White,Blue,Green,Red,MYTHIC RARE
1589415,2,0,3,0,0,3,DnD,creature,dragon,Blue,Black,Red,,,COMMON
1589416,0,2,2,0,0,1,Strixhaven,creature,boar,Green,Red,Blue,,,MYTHIC RARE
1589417,2,3,1,1,1,0,Strixhaven,equipment,Ring,Black,Green,Red,White,,COMMON
1589418,1,2,3,0,3,2,Strixhaven,creature,human,Black,Blue,,,,MYTHIC RARE
1589419,0,2,3,3,1,0,Ravnica,creature,zombie,Blue,Green,Black,Red,,RARE
1589420,3,3,0,2,3,2,Innistrad,creature,dwarf,Black,Blue,White,,,COMMON
1589421,0,3,2,0,1,2,Kaldheim,equipment,Ring,White,,,,,UNCOMMON
1589422,2,2,2,2,2,0,Kamigawa,equipment,Sword,Red,,,,,COMMON
1589423,0,3,1,0,2,0,DnD,equipment,Ring,White,Red,,,,MYTHIC RARE
1589424,2,0,2,0,2,0,Strixhaven,equipment,Talisman,Blue,White,Black,,,MYTHIC RARE
1589425,3,1,2,1,2,0,Ravnica,creature,human,White,Black,,,,RARE
1589426,2,3,0,2,2,0,Ravnica,creature,boar,White,Blue,Red,,,RARE
1589427,3,3,1,1,0,0,Innistrad,creature,dwarf,Red,Black,Green,,,UNCOMMON
1589428,0,2,1,0,0,0,Ravnica,equipment,Sword,White,Blue,Red,,,UNCOMMON
1589429,2,0,2,1,3,1,DnD,creature,dragon,Black,,,,,COMMON
1589430,0,3,2,0,2,3,Kamigawa,equipment,Boots,White,,,,,MYTHIC RARE
1589431,1,0,2,2,3,3,Kamigawa,creature,zombie,Red,White,Green,,,COMMON
1589432,2,2,2,3,0,3,Kamigawa,equipment,Sword,White,Red,Blue,,,UNCOMMON
1589433,1,2,3,1,3,1,Innistrad,creature,dwarf,Blue,Black,,,,MYTHIC RARE
1589434,1,3,3,3,1,2,Ravnica,creature,dwarf,Black,Green,,,,MYTHIC RARE
1589435,0,0,2,1,0,2,DnD,equipment,Sword,Red,,,,,COMMON
1589436,2,1,0,2,2,2,Ravnica,equipment,Sword,Blue,White,,,,RARE
1589437,2,0,3,0,3,2,Kaldheim,creature,zombie,Blue,,,,,COMMON
1589438,0,0,2,0,3,0,Strixhaven,creature,elf,Green,,,,,UNCOMMON
1589439,2,2,1,3,2,0,Kaldheim,creature,dragon,Green,Red,Black,Blue,,RARE
1589440,2,3,2,3,0,1,Kaldheim,creature,boar,White,Red,Green,,,COMMON
1589441,1,0,3,2,2,2,Innistrad,creature,dwarf,Green,Black,,,,COMMON
1589442,0,2,3,0,2,0,DnD,creature,zombie,Green,White,,,,RARE
1589443,3,3,1,1,3,1,Kamigawa,creature,zombie,Black,Red,Green,,,COMMON
1589444,3,2,0,1,3,3,Ravnica,creature,boar,Blue,Red,Black,,,RARE
1589445,2,3,3,3,1,1,Kamigawa,creature,dragon,White,,,,,RARE
1589446,1,0,1,0,2,1,Kaldheim,equipment,Bottle,Blue,Green,,,,RARE
1589447,2,2,3,2,2,3,Kamigawa,creature,human,Red,,,,,MYTHIC RARE
1589448,2,2,1,3,0,3,Kamigawa,equipment,Boots,White,Black,Red,,,MYTHIC RARE
1589449,3,0,2,1,3,1,DnD,equipment,Sword,Red,,,,,COMMON
1589450,1,3,2,1,1,3,Kaldheim,equipment,Bottle,Red,White,,,,COMMON
1589451,3,3,0,0,2,2,Kamigawa,equipment,Boots,Blue,White,Green,Black,,UNCOMMON
1589452,2,0,3,2,3,0,Kamigawa,creature,dragon,White,Blue,,,,MYTHIC RARE
1589453,0,3,3,0,3,2,Ravnica,equipment,Talisman,Green,White,,,,MYTHIC RARE
1589454,2,1,3,2,1,1,Ravnica,equipment,Bottle,Green,Red,,,,MYTHIC RARE
1589455,0,2,3,3,1,2,Kamigawa,equipment,Ring,Blue,Red,,,,MYTHIC RARE
1589456,2,3,2,0,0,0,Kamigawa,equipment,Boots,Green,,,,,MYTHIC RARE
1589457,2,2,2,2,2,2,Innistrad,equipment,Talisman,Blue,Black,Red,,,UNCOMMON
1589458,0,0,3,1,0,3,Ravnica,creature,dwarf,White,Green,Red,,,UNCOMMON
1589459,1,0,2,1,3,0,Innistrad,creature,dwarf,Green,Blue,,,,MYTHIC RARE
1589460,1,0,0,1,1,3,Ravnica,creature,dwarf,Green,Black,Blue,,,MYTHIC RARE
1589461,2,0,2,2,1,1,Innistrad,equipment,Boots,Black,Green,Blue,,,COMMON
1589462,2,3,1,3,0,0,Kaldheim,equipment,Sword,Red,White,,,,UNCOMMON
1589463,0,3,1,1,1,1,Strixhaven,equipment,Talisman,Green,,,,,COMMON
1589464,0,3,0,3,0,2,Innistrad,creature,elf,Red,Blue,Green,,,RARE
1589465,0,0,1,1,2,2,Innistrad,equipment,Ring,White,Blue,,,,UNCOMMON
1589466,0,1,0,3,2,0,Kamigawa,creature,zombie,White,,,,,MYTHIC RARE
1589467,2,3,3,0,2,0,Ravnica,equipment,Ring,Red,Black,White,,,UNCOMMON
1589468,1,0,3,0,3,1,Kaldheim,creature,dragon,Blue,White,Red,,,MYTHIC RARE
1589469,3,0,0,3,0,1,Ravnica,creature,elf,Green,,,,,UNCOMMON
1589470,1,0,1,1,0,1,Ravnica,equipment,Sword,Red,,,,,COMMON
1589471,1,0,0,0,2,3,Ravnica,equipment,Boots,Green,Red,White,Black,,RARE
1589472,3,0,2,3,1,0,Kaldheim,equipment,Boots,Green,Blue,,,,UNCOMMON
1589473,2,1,3,3,1,3,Innistrad,equipment,Bottle,Black,White,Green,,,COMMON
1589474,2,3,1,1,2,3,Kamigawa,equipment,Boots,Green,White,Blue,,,COMMON
1589475,2,1,1,3,0,1,DnD,equipment,Boots,White,Black,,,,RARE
1589476,3,1,2,0,3,3,Kamigawa,equipment,Ring,Red,Green,,,,RARE
1589477,1,2,2,2,2,2,Strixhaven,creature,dragon,Black,Blue,Green,White,,UNCOMMON
1589478,0,0,2,1,0,1,Ravnica,creature,elf,White,Green,Red,Black,,RARE
1589479,3,3,0,3,1,3,Kaldheim,equipment,Talisman,White,,,,,COMMON
1589480,0,2,2,1,2,3,Innistrad,creature,zombie,Green,Black,White,,,MYTHIC RARE
1589481,0,2,2,2,1,1,Ravnica,creature,dwarf,Red,,,,,UNCOMMON
1589482,2,3,0,1,2,2,Innistrad,equipment,Talisman,White,Red,,,,UNCOMMON
1589483,0,2,2,2,3,2,Strixhaven,creature,dwarf,Black,Green,Blue,,,RARE
1589484,2,1,2,0,0,0,Ravnica,creature,elf,Black,Blue,,,,MYTHIC RARE
1589485,1,1,2,0,2,0,Innistrad,creature,dragon,White,Blue,Green,,,UNCOMMON
1589486,2,1,2,0,2,2,Strixhaven,creature,human,Black,Red,White,Blue,,COMMON
1589487,0,3,3,3,3,3,Kamigawa,equipment,Boots,Red,White,,,,COMMON
1589488,0,2,2,2,1,0,Innistrad,equipment,Sword,Red,Blue,Green,,,RARE
1589489,1,2,0,2,0,1,DnD,creature,zombie,White,Blue,Black,,,UNCOMMON
1589490,1,1,2,2,2,2,Innistrad,equipment,Talisman,Blue,Red,White,,,UNCOMMON
1589491,3,1,2,1,2,2,Ravnica,equipment,Talisman,Black,Red,Green,,,COMMON
1589492,2,2,1,3,2,3,DnD,creature,boar,Green,Black,,,,RARE
1589493,0,0,1,2,1,3,Innistrad,creature,boar,Blue,White,Black,,,MYTHIC RARE
1589494,3,1,3,2,3,1,Strixhaven,equipment,Boots,White,Black,Blue,Green,,COMMON
1589495,1,2,3,2,0,0,Innistrad,creature,zombie,Green,,,,,RARE
1589496,3,2,3,2,3,3,Kamigawa,equipment,Bottle,Blue,,,,,UNCOMMON
1589497,0,1,3,0,2,0,Innistrad,creature,boar,Blue,Red,White,,,UNCOMMON
1589498,0,3,3,1,0,1,Ravnica,equipment,Bottle,White,Black,Red,,,MYTHIC RARE
1589499,2,2,0,0,1,2,DnD,equipment,Boots,Blue,White,Red,,,UNCOMMON
1589500,1,0,1,2,3,0,DnD,equipment,Boots,Blue,White,Red,Green,,RARE
1589501,2,1,2,1,1,2,Innistrad,equipment,Boots,Green,Blue,,,,UNCOMMON
1589502,1,3,3,2,1,2,Kamigawa,equipment,Talisman,Black,Green,,,,RARE
1589503,3,3,0,2,1,2,Kamigawa,creature,boar,White,,,,,UNCOMMON
1589504,3,2,1,1,1,3,Innistrad,creature,dwarf,Green,White,,,,MYTHIC RARE
1589505,0,2,3,0,1,1,Kamigawa,equipment,Bottle,Black,,,,,COMMON
1589506,1,1,2,0,1,3,Innistrad,creature,human,Black,White,Red,Blue,,RARE
1589507,2,0,0,1,1,2,Strixhaven,creature,zombie,Black,Red,Blue,,,UNCOMMON
1589508,1,0,0,0,3,0,Strixhaven,creature,elf,Black,,,,,UNCOMMON
1589509,3,1,2,0,0,3,Kaldheim,creature,human,Black,Red,,,,MYTHIC RARE
1589510,2,2,0,3,0,1,Innistrad,creature,dragon,Green,Black,,,,COMMON
1589511,2,1,2,2,0,2,DnD,equipment,Bottle,Black,Blue,Green,,,COMMON
1589512,0,1,2,1,0,3,Innistrad,creature,elf,Red,Blue,Green,,,MYTHIC RARE
1589513,3,1,2,2,2,0,Innistrad,creature,elf,White,,,,,UNCOMMON
1589514,3,2,1,1,0,2,DnD,creature,dragon,Green,Red,,,,MYTHIC RARE
1589515,1,2,1,2,3,1,Kamigawa,equipment,Bottle,Black,,,,,RARE
1589516,3,3,0,3,3,0,Innistrad,creature,dwarf,Red,Green,,,,COMMON
1589517,1,3,1,2,3,0,Strixhaven,creature,elf,Black,White,,,,COMMON
1589518,1,0,0,2,3,0,Ravnica,creature,zombie,Red,Black,Blue,White,,UNCOMMON
1589519,3,1,0,3,1,1,Ravnica,equipment,Boots,Red,Blue,Green,,,MYTHIC RARE
1589520,2,3,3,0,1,0,Strixhaven,creature,elf,White,,,,,COMMON
1589521,1,2,2,0,0,2,DnD,creature,dwarf,Green,Red,Blue,,,MYTHIC RARE
1589522,0,0,2,0,1,0,DnD,creature,human,Blue,Red,,,,RARE
1589523,3,0,0,3,0,2,Kaldheim,creature,dragon,White,,,,,RARE
1589524,1,3,1,2,3,1,DnD,creature,dwarf,Black,Green,Blue,,,RARE
1589525,0,1,1,2,0,3,DnD,creature,zombie,Blue,Green,,,,UNCOMMON
1589526,2,0,1,3,3,1,Innistrad,equipment,Sword,Red,Green,Blue,Black,,COMMON
1589527,1,0,3,2,1,3,Ravnica,creature,dragon,Blue,Black,Red,Green,,UNCOMMON
1589528,1,2,0,2,3,0,Kaldheim,equipment,Ring,Red,Blue,,,,MYTHIC RARE
1589529,0,0,2,2,1,1,Strixhaven,creature,zombie,Red,Blue,,,,UNCOMMON
1589530,0,0,0,2,0,1,DnD,equipment,Boots,Blue,Green,,,,UNCOMMON
1589531,2,3,0,2,1,3,DnD,creature,dwarf,Blue,White,Red,,,RARE
1589532,3,1,3,2,3,0,Kamigawa,creature,dwarf,Red,,,,,MYTHIC RARE
1589533,1,0,2,0,3,1,Ravnica,creature,elf,White,Black,Blue,Red,,COMMON
1589534,3,3,3,1,1,3,Kaldheim,equipment,Talisman,White,Blue,Black,,,RARE
1589535,3,0,3,2,0,2,Kamigawa,equipment,Bottle,Blue,Black,,,,COMMON
1589536,2,2,3,2,0,3,DnD,creature,elf,Blue,Black,Red,Green,,RARE
1589537,0,1,0,0,3,2,Strixhaven,equipment,Bottle,Blue,Red,Green,Black,,RARE
1589538,2,2,2,1,3,0,Strixhaven,creature,boar,Black,Green,,,,UNCOMMON
1589539,1,3,1,3,2,3,Innistrad,equipment,Bottle,Green,Blue,,,,COMMON
1589540,2,3,2,3,0,1,Kamigawa,equipment,Sword,Blue,Red,Black,,,COMMON
1589541,2,2,2,3,3,0,Innistrad,equipment,Sword,Red,Blue,Green,Black,,UNCOMMON
1589542,3,3,3,3,2,2,Strixhaven,equipment,Talisman,White,Blue,,,,MYTHIC RARE
1589543,0,0,0,1,1,2,Innistrad,creature,elf,Blue,Green,Black,,,UNCOMMON
1589544,0,0,3,2,0,2,DnD,creature,dragon,Green,Black,Blue,,,UNCOMMON
1589545,0,3,1,0,3,1,Strixhaven,creature,dragon,Blue,Green,,,,UNCOMMON
1589546,1,2,0,0,2,2,Innistrad,creature,zombie,White,Black,,,,RARE
1589547,3,2,2,1,0,0,DnD,equipment,Talisman,Blue,Red,,,,UNCOMMON
1589548,1,2,2,2,1,2,Innistrad,creature,human,Red,,,,,RARE
1589549,0,2,3,0,2,2,DnD,equipment,Bottle,Green,,,,,COMMON
1589550,1,1,0,0,2,1,Kamigawa,creature,zombie,Blue,Green,Red,,,UNCOMMON
1589551,3,0,2,3,1,3,Ravnica,creature,elf,Black,Red,White,,,MYTHIC RARE
1589552,1,2,3,2,2,1,Kamigawa,equipment,Boots,White,Black,,,,COMMON
1589553,3,0,1,3,3,1,Kaldheim,creature,dwarf,Red,,,,,COMMON
1589554,1,1,0,0,1,0,Kamigawa,equipment,Bottle,Blue,Black,Red,,,COMMON
1589555,1,2,0,2,1,3,Kaldheim,creature,dragon,White,Blue,Red,Green,,UNCOMMON
1589556,3,1,1,2,0,0,Kamigawa,equipment,Sword,Red,White,,,,COMMON
1589557,0,3,2,2,2,3,Kamigawa,creature,dragon,Green,,,,,MYTHIC RARE
1589558,0,2,3,3,1,2,Strixhaven,creature,zombie,Blue,Black,,,,COMMON
1589559,0,2,1,2,0,0,Strixhaven,equipment,Sword,Red,Black,White,,,COMMON
1589560,0,0,0,2,3,1,Ravnica,equipment,Bottle,White,Red,Black,,,UNCOMMON
1589561,0,0,2,1,1,3,Kamigawa,equipment,Sword,Green,Red,Blue,,,COMMON
1589562,3,2,1,3,2,2,Kaldheim,creature,dwarf,Green,White,Red,,,RARE
1589563,3,1,1,1,3,0,Ravnica,equipment,Ring,Blue,White,,,,MYTHIC RARE
1589564,2,3,3,3,2,2,Strixhaven,creature,dragon,White,Black,,,,RARE
1589565,1,0,3,0,2,0,Kamigawa,equipment,Talisman,Blue,Red,Black,Green,,MYTHIC RARE
1589566,0,2,3,3,0,1,Strixhaven,equipment,Sword,Green,Red,,,,RARE
1589567,1,2,1,1,2,1,Innistrad,creature,zombie,Red,,,,,COMMON
1589568,0,1,1,3,3,2,Strixhaven,creature,elf,Black,Green,White,,,MYTHIC RARE
1589569,2,1,2,3,0,2,Kaldheim,creature,boar,Green,,,,,UNCOMMON
1589570,1,1,1,3,3,1,Kamigawa,equipment,Sword,White,Blue,Green,,,COMMON
1589571,3,3,2,0,0,3,Ravnica,equipment,Talisman,White,Green,,,,RARE
1589572,2,1,2,2,3,0,Innistrad,equipment,Bottle,Black,Green,Blue,,,COMMON
1589573,0,3,0,1,1,1,Ravnica,equipment,Bottle,Black,Blue,,,,RARE
1589574,2,3,1,1,2,1,Innistrad,creature,zombie,White,Green,,,,MYTHIC RARE
1589575,3,2,0,1,1,2,DnD,equipment,Bottle,Blue,White,Red,,,MYTHIC RARE
1589576,3,3,1,3,3,3,DnD,equipment,Sword,Red,,,,,UNCOMMON
1589577,1,1,1,1,3,3,Strixhaven,equipment,Sword,Blue,Black,Green,Red,,UNCOMMON
1589578,3,1,0,1,0,2,Ravnica,creature,human,Blue,Black,White,,,COMMON
1589579,2,3,2,2,3,2,Kaldheim,equipment,Talisman,Red,,,,,UNCOMMON
1589580,3,1,2,1,1,1,Ravnica,creature,zombie,Black,Blue,,,,UNCOMMON
1589581,0,0,1,2,2,3,Innistrad,equipment,Bottle,Black,Green,Red,,,MYTHIC RARE
1589582,0,2,3,1,1,3,Ravnica,equipment,Ring,Red,,,,,RARE
1589583,0,3,2,3,2,0,Ravnica,creature,human,Green,Blue,Red,,,COMMON
1589584,0,1,1,1,1,0,DnD,creature,human,Black,Blue,Green,White,,RARE
1589585,2,3,3,0,2,2,DnD,creature,human,Red,White,Blue,,,RARE
1589586,3,0,3,1,3,0,Innistrad,creature,boar,White,Black,Blue,,,MYTHIC RARE
1589587,0,3,3,3,3,0,Ravnica,creature,dragon,Red,,,,,UNCOMMON
1589588,2,1,1,3,2,1,Kamigawa,creature,elf,Black,,,,,COMMON
1589589,1,1,0,2,0,2,Strixhaven,creature,zombie,Black,Green,White,Red,,COMMON
1589590,0,0,3,0,2,1,DnD,equipment,Sword,Blue,White,Green,Black,,COMMON
1589591,0,2,3,1,2,2,Kaldheim,creature,dragon,White,Blue,Red,,,RARE
1589592,1,1,3,0,2,1,Ravnica,creature,boar,Green,Red,Blue,Black,,MYTHIC RARE
1589593,1,2,1,2,1,1,DnD,creature,zombie,Black,Red,Blue,,,COMMON
1589594,2,1,1,3,0,1,Strixhaven,equipment,Bottle,White,Red,,,,COMMON
1589595,3,3,1,0,1,2,Ravnica,equipment,Bottle,White,Blue,,,,COMMON
1589596,0,2,1,1,1,2,Kaldheim,creature,zombie,Blue,White,Green,,,RARE
1589597,2,0,2,1,2,2,Strixhaven,creature,dragon,White,Blue,Green,,,UNCOMMON
1589598,2,2,3,1,3,2,Kaldheim,equipment,Ring,Green,Black,White,,,COMMON
1589599,1,2,0,1,0,1,Ravnica,creature,boar,White,Black,Green,,,MYTHIC RARE
1589600,1,0,1,3,2,1,Kaldheim,equipment,Sword,Green,,,,,MYTHIC RARE
1589601,0,1,3,1,2,1,Kaldheim,creature,boar,Black,Blue,Red,Green,,UNCOMMON
1589602,3,1,3,3,2,0,Strixhaven,creature,zombie,Red,,,,,UNCOMMON
1589603,2,3,3,0,0,0,Kaldheim,creature,elf,Red,White,Blue,,,UNCOMMON
1589604,1,1,3,3,3,3,Innistrad,equipment,Sword,Black,,,,,UNCOMMON
1589605,0,2,2,3,1,3,Kamigawa,creature,elf,Black,White,Red,,,UNCOMMON
1589606,0,0,2,0,0,1,Kaldheim,creature,human,White,Black,Green,,,COMMON
1589607,0,1,0,3,1,0,Strixhaven,equipment,Bottle,Red,Blue,Green,,,UNCOMMON
1589608,2,0,3,3,3,1,Strixhaven,equipment,Talisman,Blue,White,Black,,,UNCOMMON
1589609,3,2,3,3,2,3,Strixhaven,equipment,Boots,Red,Blue,White,,,UNCOMMON
1589610,3,2,3,2,2,1,Innistrad,creature,human,Black,White,Green,,,MYTHIC RARE
1589611,2,1,3,2,1,2,DnD,equipment,Sword,Red,Black,White,Green,,RARE
1589612,3,2,2,1,0,1,Kamigawa,equipment,Sword,Blue,Black,Green,,,MYTHIC RARE
1589613,0,2,2,2,0,3,Kamigawa,creature,elf,Red,Black,,,,RARE
1589614,0,2,0,3,0,1,Kaldheim,creature,dragon,Blue,Green,,,,MYTHIC RARE
1589615,2,0,2,3,3,1,Strixhaven,creature,elf,Blue,Green,Red,,,MYTHIC RARE
1589616,2,3,3,2,0,1,Innistrad,creature,elf,Red,Blue,White,,,RARE
1589617,2,0,2,2,0,2,DnD,creature,human,Blue,,,,,MYTHIC RARE
1589618,3,2,2,3,1,3,Ravnica,creature,dragon,White,Red,,,,COMMON
1589619,3,0,2,3,2,2,Kamigawa,creature,elf,Red,White,,,,RARE
1589620,3,2,3,3,0,3,Kamigawa,equipment,Ring,Blue,Black,,,,RARE
1589621,1,0,3,0,3,1,Innistrad,creature,human,Blue,White,,,,MYTHIC RARE
1589622,3,0,1,1,3,0,Strixhaven,equipment,Sword,Black,,,,,UNCOMMON
1589623,3,2,0,3,2,0,Strixhaven,equipment,Boots,Green,Red,,,,COMMON
1589624,1,2,3,3,1,3,Strixhaven,creature,human,White,,,,,UNCOMMON
1589625,0,1,3,1,1,2,Kamigawa,equipment,Ring,Green,,,,,MYTHIC RARE
1589626,0,3,2,1,1,0,DnD,creature,boar,Black,,,,,UNCOMMON
1589627,0,2,1,0,3,1,Ravnica,creature,dwarf,Red,,,,,RARE
1589628,2,0,3,0,0,2,DnD,creature,elf,Red,Black,Green,Blue,White,MYTHIC RARE
1589629,3,2,3,1,2,3,Ravnica,equipment,Ring,Black,Green,Blue,,,COMMON
1589630,3,2,1,3,0,0,Kamigawa,creature,dwarf,Black,Blue,,,,COMMON
1589631,3,0,0,2,2,3,Kaldheim,creature,boar,Blue,Black,Red,Green,White,COMMON
1589632,0,1,2,1,1,3,Ravnica,creature,boar,Red,White,Blue,,,UNCOMMON
1589633,3,3,0,3,2,0,Innistrad,creature,zombie,Green,Red,Blue,,,RARE
1589634,3,0,2,1,1,2,Kamigawa,creature,elf,White,,,,,UNCOMMON
1589635,1,3,1,3,2,0,Ravnica,creature,elf,Blue,,,,,RARE
1589636,0,3,1,1,0,0,Kamigawa,equipment,Sword,Red,Black,White,,,MYTHIC RARE
1589637,0,1,0,2,1,2,Ravnica,equipment,Talisman,Black,Green,Blue,,,MYTHIC RARE
1589638,1,1,1,0,3,3,Innistrad,equipment,Ring,White,,,,,MYTHIC RARE
1589639,3,3,2,1,1,1,Kamigawa,creature,dwarf,Black,White,,,,RARE
1589640,2,1,0,2,3,2,Innistrad,equipment,Sword,Black,Red,Blue,,,RARE
1589641,1,0,0,0,0,1,DnD,creature,zombie,Blue,Red,White,,,UNCOMMON
1589642,1,0,0,3,0,0,DnD,equipment,Bottle,Green,,,,,UNCOMMON
1589643,1,3,3,1,1,0,Kamigawa,equipment,Ring,White,Blue,,,,COMMON
1589644,3,1,0,0,3,3,DnD,creature,boar,Black,,,,,RARE
1589645,1,2,0,2,1,1,Strixhaven,equipment,Bottle,Blue,Red,Green,,,UNCOMMON
1589646,1,0,3,1,3,1,Kaldheim,equipment,Boots,Green,,,,,COMMON
1589647,2,0,2,1,3,3,Ravnica,equipment,Boots,Blue,Green,Black,,,MYTHIC RARE
1589648,1,2,0,3,2,0,DnD,creature,dragon,Blue,White,,,,COMMON
1589649,2,2,1,0,2,3,DnD,creature,boar,Red,Green,Blue,Black,,UNCOMMON
1589650,2,3,1,2,2,3,Ravnica,creature,boar,Black,White,Blue,,,MYTHIC RARE
1589651,0,1,0,1,0,3,DnD,creature,boar,White,,,,,MYTHIC RARE
1589652,1,0,3,1,3,3,Ravnica,creature,human,Blue,White,,,,RARE
1589653,1,3,3,0,2,1,Kamigawa,equipment,Sword,Blue,,,,,MYTHIC RARE
1589654,0,3,1,3,1,1,Ravnica,creature,dwarf,Green,Red,Black,,,UNCOMMON
1589655,2,2,0,3,3,3,Innistrad,equipment,Boots,Blue,Green,Red,,,UNCOMMON
1589656,1,2,0,1,2,2,Ravnica,equipment,Boots,Red,White,Black,,,COMMON
1589657,3,0,1,2,0,2,Kaldheim,equipment,Bottle,Blue,White,Black,,,RARE
1589658,0,0,3,3,3,0,Kaldheim,creature,dwarf,Green,White,,,,COMMON
1589659,1,3,2,1,2,1,Kaldheim,equipment,Ring,Black,Blue,White,Red,,COMMON
1589660,1,1,0,3,0,3,Innistrad,equipment,Boots,Blue,Black,,,,RARE
1589661,0,1,0,0,3,1,Innistrad,creature,boar,White,Blue,,,,COMMON
1589662,0,0,3,2,1,2,Innistrad,equipment,Sword,White,,,,,RARE
1589663,2,3,2,1,3,0,Kamigawa,creature,boar,Black,Red,,,,RARE
1589664,2,2,2,2,1,2,Kaldheim,equipment,Bottle,Green,Red,,,,MYTHIC RARE
1589665,2,2,1,2,0,0,Innistrad,equipment,Boots,Green,Blue,Black,,,UNCOMMON
1589666,1,1,1,1,2,0,Ravnica,creature,elf,Green,Red,,,,COMMON
1589667,1,1,2,2,1,0,DnD,equipment,Ring,Blue,White,Black,,,RARE
1589668,1,2,0,2,2,3,Innistrad,equipment,Sword,Red,Green,Blue,,,MYTHIC RARE
1589669,0,1,1,1,3,0,Kaldheim,equipment,Boots,Blue,Red,Green,,,UNCOMMON
1589670,0,0,3,0,2,2,Ravnica,creature,human,Black,Blue,Green,,,RARE
1589671,3,0,2,2,2,1,Kaldheim,equipment,Bottle,Black,Blue,White,Green,,UNCOMMON
1589672,0,1,0,1,1,0,DnD,equipment,Ring,Blue,Green,Black,,,RARE
1589673,0,3,0,3,1,2,Kaldheim,equipment,Boots,Black,White,Red,,,COMMON
1589674,1,3,0,2,0,0,Kamigawa,creature,dwarf,Black,Green,White,Blue,,UNCOMMON
1589675,3,2,0,3,3,3,Strixhaven,creature,boar,Blue,White,,,,UNCOMMON
1589676,2,3,2,3,3,2,Strixhaven,equipment,Talisman,Blue,Black,Red,,,UNCOMMON
1589677,2,0,3,3,1,0,Innistrad,creature,dragon,Green,Blue,,,,UNCOMMON
1589678,3,3,1,0,1,0,Ravnica,equipment,Ring,Black,White,,,,MYTHIC RARE
1589679,3,0,3,2,0,0,Innistrad,equipment,Sword,Blue,Green,,,,RARE
1589680,1,3,2,0,3,3,DnD,creature,elf,Black,White,Green,Red,,COMMON
1589681,3,3,1,2,1,2,DnD,equipment,Boots,Blue,Black,Green,,,MYTHIC RARE
1589682,1,1,1,0,0,1,DnD,equipment,Sword,Green,,,,,COMMON
1589683,0,1,3,3,0,2,Kamigawa,equipment,Ring,White,Blue,Red,,,MYTHIC RARE
1589684,1,2,0,0,1,0,Kamigawa,creature,zombie,Green,Black,,,,MYTHIC RARE
1589685,0,3,0,3,2,2,Strixhaven,equipment,Talisman,White,Green,,,,UNCOMMON
1589686,0,1,0,0,1,1,Kaldheim,equipment,Bottle,Green,Black,,,,UNCOMMON
1589687,3,1,0,3,0,2,Strixhaven,creature,zombie,Blue,Green,,,,UNCOMMON
1589688,0,0,0,1,1,1,Innistrad,equipment,Talisman,Blue,Red,,,,COMMON
1589689,1,1,0,3,0,3,DnD,creature,dragon,Green,Black,,,,MYTHIC RARE
1589690,1,3,0,2,0,1,Innistrad,equipment,Sword,White,,,,,UNCOMMON
1589691,0,1,1,2,3,1,Ravnica,equipment,Boots,Black,Green,,,,COMMON
1589692,1,1,2,2,0,3,Innistrad,creature,elf,Red,White,,,,COMMON
1589693,1,0,2,1,2,0,Innistrad,equipment,Bottle,Green,Blue,Black,Red,,UNCOMMON
1589694,3,2,3,3,0,3,Kamigawa,creature,zombie,Red,Black,,,,MYTHIC RARE
1589695,1,2,0,3,3,0,Strixhaven,creature,elf,White,Green,,,,MYTHIC RARE
1589696,3,2,3,0,3,1,Innistrad,creature,human,Black,,,,,UNCOMMON
1589697,2,0,1,1,3,1,Innistrad,creature,dwarf,White,,,,,RARE
1589698,0,1,0,0,3,2,Kaldheim,creature,zombie,Black,Green,Blue,Red,,COMMON
1589699,2,1,2,2,2,0,Strixhaven,creature,zombie,Green,White,Red,,,COMMON
1589700,1,3,1,1,2,1,Kamigawa,creature,zombie,Blue,,,,,MYTHIC RARE
1589701,3,2,1,2,0,3,Innistrad,equipment,Ring,Black,,,,,MYTHIC RARE
1589702,1,3,3,2,3,2,Ravnica,creature,dragon,Green,White,,,,COMMON
1589703,3,0,2,3,1,2,Kamigawa,creature,elf,White,Red,Green,Black,,COMMON
1589704,2,0,0,2,2,2,Kamigawa,equipment,Talisman,Blue,Black,Red,,,MYTHIC RARE
1589705,0,1,1,1,0,1,DnD,creature,dwarf,Green,Blue,,,,RARE
1589706,1,1,3,3,1,2,Innistrad,equipment,Boots,Green,,,,,UNCOMMON
1589707,0,0,2,1,2,3,Ravnica,equipment,Talisman,White,Blue,Green,,,UNCOMMON
1589708,3,1,0,3,2,3,DnD,creature,boar,Green,Blue,Red,Black,,COMMON
1589709,0,3,2,0,3,1,Innistrad,creature,dragon,Blue,,,,,MYTHIC RARE
1589710,0,0,1,2,1,3,Kamigawa,equipment,Talisman,Green,Red,,,,COMMON
1589711,1,0,0,0,3,1,Kamigawa,equipment,Boots,White,,,,,UNCOMMON
1589712,2,0,2,1,3,0,Kaldheim,creature,boar,Black,,,,,COMMON
1589713,2,3,3,0,3,3,Strixhaven,equipment,Ring,Green,White,Black,,,RARE
1589714,3,1,0,1,1,0,Kamigawa,equipment,Ring,Blue,Green,Black,,,COMMON
1589715,3,3,1,1,2,3,Ravnica,equipment,Ring,Blue,Black,White,,,UNCOMMON
1589716,2,2,3,1,1,0,Innistrad,creature,dragon,Green,Red,Black,,,RARE
1589717,1,0,2,3,1,0,Innistrad,equipment,Sword,Blue,Black,White,,,RARE
1589718,1,3,3,0,1,3,Innistrad,equipment,Talisman,White,Blue,,,,MYTHIC RARE
1589719,1,2,0,1,1,3,DnD,equipment,Sword,Green,Black,,,,COMMON
1589720,1,1,2,1,0,0,Kaldheim,creature,boar,Red,Green,Black,White,,MYTHIC RARE
1589721,2,1,3,3,1,1,Innistrad,equipment,Talisman,Green,Black,White,,,MYTHIC RARE
1589722,2,1,0,3,3,1,DnD,creature,elf,Green,White,,,,MYTHIC RARE
1589723,2,1,2,2,1,3,Kaldheim,equipment,Ring,Black,Blue,,,,RARE
1589724,2,1,2,0,0,1,DnD,creature,human,Green,Blue,Red,,,MYTHIC RARE
1589725,2,0,3,2,2,0,DnD,creature,dragon,Green,Red,Blue,White,,UNCOMMON
1589726,3,0,0,1,1,2,Kaldheim,creature,elf,Black,White,Green,Blue,,MYTHIC RARE
1589727,0,1,1,1,2,1,Kamigawa,creature,dragon,Blue,,,,,MYTHIC RARE
1589728,2,3,1,0,3,3,DnD,equipment,Bottle,Red,White,Green,,,MYTHIC RARE
1589729,1,1,1,0,0,2,Ravnica,equipment,Ring,Red,Blue,,,,UNCOMMON
1589730,1,2,0,0,2,0,Strixhaven,equipment,Talisman,Red,Black,Blue,Green,,RARE
1589731,1,0,3,2,1,0,DnD,equipment,Talisman,Blue,Black,Red,,,COMMON
1589732,1,0,3,0,2,2,Strixhaven,equipment,Talisman,Black,Blue,White,Green,,COMMON
1589733,3,1,3,0,2,2,Kamigawa,equipment,Boots,White,Blue,Green,,,COMMON
1589734,2,3,3,3,1,0,Kamigawa,equipment,Sword,Blue,Black,,,,UNCOMMON
1589735,1,1,3,0,3,1,Ravnica,creature,dragon,Blue,Red,,,,COMMON
1589736,3,0,0,1,3,1,Strixhaven,creature,dwarf,Red,,,,,COMMON
1589737,1,1,2,1,2,0,Ravnica,equipment,Talisman,Blue,White,,,,UNCOMMON
1589738,1,1,2,0,0,1,Strixhaven,equipment,Ring,Red,Black,Blue,White,,COMMON
1589739,0,1,2,3,2,3,Kaldheim,equipment,Sword,White,Green,Black,,,RARE
1589740,3,0,0,1,1,0,Ravnica,equipment,Ring,Red,,,,,UNCOMMON
1589741,1,2,0,1,2,1,Strixhaven,creature,elf,Red,Black,White,,,UNCOMMON
1589742,2,1,2,1,1,2,Kaldheim,creature,dragon,Blue,Red,,,,UNCOMMON
1589743,1,1,1,2,3,1,Innistrad,creature,elf,White,Green,Red,,,COMMON
1589744,2,2,2,1,2,1,Ravnica,creature,dragon,Green,White,,,,RARE
1589745,0,3,2,3,1,1,Kaldheim,creature,human,White,Red,,,,UNCOMMON
1589746,0,1,0,2,3,3,Innistrad,equipment,Talisman,Black,Red,Green,,,UNCOMMON
1589747,0,2,3,0,1,1,DnD,creature,elf,Blue,Green,Black,,,COMMON
1589748,2,1,0,1,1,0,Strixhaven,equipment,Sword,Green,Blue,White,,,MYTHIC RARE
1589749,0,0,3,2,2,2,Kamigawa,creature,boar,Blue,Green,,,,UNCOMMON
1589750,2,0,3,2,3,1,Kamigawa,equipment,Talisman,Blue,Black,White,,,MYTHIC RARE
1589751,3,0,3,3,3,3,Ravnica,creature,elf,Green,Red,White,,,RARE
1589752,1,1,0,2,0,0,Strixhaven,creature,dragon,White,Black,Red,,,MYTHIC RARE
1589753,3,0,1,3,2,2,Kaldheim,equipment,Talisman,Black,,,,,COMMON
1589754,0,3,0,0,3,3,Innistrad,creature,human,Red,White,,,,COMMON
1589755,1,1,1,3,3,1,Ravnica,equipment,Boots,White,Red,Green,,,COMMON
1589756,1,3,0,0,3,3,Ravnica,equipment,Sword,Blue,Green,,,,RARE
1589757,1,2,0,2,2,2,DnD,equipment,Boots,Blue,Green,White,,,UNCOMMON
1589758,0,1,2,2,2,0,Kaldheim,creature,dragon,Blue,Black,Green,,,COMMON
1589759,3,0,2,1,1,0,Strixhaven,equipment,Boots,Black,Red,Green,,,RARE
1589760,2,1,1,1,1,1,Strixhaven,creature,zombie,White,,,,,UNCOMMON
1589761,0,0,2,3,0,2,Strixhaven,creature,dragon,Blue,Red,Green,White,,UNCOMMON
1589762,0,0,3,3,0,1,DnD,creature,boar,Black,Green,,,,UNCOMMON
1589763,0,1,3,1,2,2,Kaldheim,creature,dwarf,Blue,White,,,,UNCOMMON
1589764,3,2,3,1,3,2,Ravnica,equipment,Bottle,Black,,,,,UNCOMMON
1589765,3,0,3,0,2,2,Kaldheim,creature,dragon,Green,Black,,,,RARE
1589766,0,0,0,0,0,1,Innistrad,creature,zombie,Black,,,,,RARE
1589767,0,3,1,1,1,2,DnD,equipment,Talisman,Black,,,,,RARE
1589768,0,3,3,2,2,3,DnD,equipment,Boots,Blue,Green,,,,RARE
1589769,3,3,1,0,2,2,Strixhaven,creature,dragon,Red,Blue,Black,,,MYTHIC RARE
1589770,3,3,1,0,2,0,Ravnica,creature,human,Blue,Red,Black,Green,,UNCOMMON
1589771,2,0,3,3,0,0,Kaldheim,equipment,Boots,Black,Red,Blue,Green,,COMMON
1589772,0,1,0,3,2,2,Innistrad,equipment,Ring,White,Green,Black,,,UNCOMMON
1589773,3,0,1,1,3,3,Kaldheim,equipment,Boots,Green,Black,Blue,,,UNCOMMON
1589774,1,0,3,1,1,0,Ravnica,creature,boar,Blue,White,,,,MYTHIC RARE
1589775,2,0,3,3,1,3,DnD,equipment,Ring,Black,,,,,MYTHIC RARE
1589776,0,2,0,0,1,2,Innistrad,equipment,Talisman,Green,,,,,UNCOMMON
1589777,1,0,2,3,1,2,DnD,equipment,Ring,Red,White,,,,COMMON
1589778,3,3,0,1,0,3,Kaldheim,equipment,Sword,Red,,,,,UNCOMMON
1589779,2,0,3,2,0,2,Kamigawa,creature,dwarf,Red,Green,Blue,,,RARE
1589780,0,2,0,2,2,2,Innistrad,creature,boar,White,Black,Blue,Red,,MYTHIC RARE
1589781,2,3,2,2,2,3,Kaldheim,equipment,Ring,Blue,,,,,UNCOMMON
1589782,3,0,0,0,3,3,Kaldheim,equipment,Ring,Black,,,,,COMMON
1589783,3,0,2,2,2,2,Kaldheim,creature,boar,Black,Blue,,,,UNCOMMON
1589784,2,0,0,0,1,1,DnD,equipment,Ring,Blue,Green,Black,,,UNCOMMON
1589785,2,1,1,1,1,3,DnD,equipment,Sword,Red,White,Blue,,,UNCOMMON
1589786,3,2,2,3,2,0,Ravnica,creature,boar,Red,,,,,RARE
1589787,0,1,0,1,3,1,Strixhaven,creature,elf,Blue,,,,,MYTHIC RARE
1589788,0,1,0,2,1,3,Innistrad,equipment,Ring,Blue,Red,,,,COMMON
1589789,2,0,3,3,0,3,Kaldheim,equipment,Boots,Black,Green,,,,UNCOMMON
1589790,3,1,0,1,2,3,Kamigawa,equipment,Ring,White,Blue,Black,,,UNCOMMON
1589791,0,0,1,3,0,2,DnD,creature,dwarf,Red,Blue,,,,MYTHIC RARE
1589792,0,1,3,2,2,3,DnD,equipment,Ring,Black,Green,White,Red,,RARE
1589793,2,0,0,3,3,0,Strixhaven,creature,elf,Green,White,,,,COMMON
1589794,3,3,2,0,2,0,Kamigawa,creature,elf,White,Red,Blue,Black,,MYTHIC RARE
1589795,1,3,2,1,0,2,Innistrad,creature,zombie,Blue,,,,,COMMON
1589796,0,0,1,3,2,0,Strixhaven,equipment,Bottle,Green,Black,Blue,,,RARE
1589797,3,0,1,0,1,2,Innistrad,equipment,Bottle,Blue,Red,Black,,,UNCOMMON
1589798,0,2,1,1,2,2,Innistrad,equipment,Talisman,White,Green,,,,UNCOMMON
1589799,0,0,0,2,0,1,Kaldheim,equipment,Ring,Blue,White,Green,,,COMMON
1589800,3,2,2,1,0,0,Kaldheim,creature,dwarf,Red,,,,,COMMON
1589801,1,1,1,1,3,3,Kaldheim,creature,boar,Green,Red,Black,White,,COMMON
1589802,2,2,1,1,1,2,Kamigawa,creature,boar,Green,Blue,,,,COMMON
1589803,3,3,0,3,1,0,Kamigawa,equipment,Bottle,Black,Green,Blue,,,UNCOMMON
1589804,0,3,0,2,3,3,Ravnica,equipment,Talisman,Green,White,Black,,,COMMON
1589805,0,1,2,3,1,2,DnD,creature,dwarf,Red,Black,White,Blue,,RARE
1589806,2,2,1,0,3,1,Kaldheim,creature,human,Blue,,,,,MYTHIC RARE
1589807,1,3,0,3,2,1,Kamigawa,equipment,Ring,Blue,White,Black,,,UNCOMMON
1589808,0,1,2,0,0,0,Kamigawa,equipment,Bottle,White,Red,,,,UNCOMMON
1589809,3,0,1,0,3,2,DnD,creature,human,Blue,,,,,COMMON
1589810,0,2,2,0,0,1,Kaldheim,creature,boar,White,Blue,,,,RARE
1589811,1,0,2,3,1,0,Innistrad,equipment,Talisman,White,Red,,,,UNCOMMON
1589812,1,2,2,1,0,3,Kamigawa,creature,dragon,Black,Green,White,,,UNCOMMON
1589813,2,3,2,1,0,3,DnD,equipment,Bottle,Green,,,,,UNCOMMON
1589814,2,2,0,0,1,2,Ravnica,creature,human,Black,,,,,COMMON
1589815,0,3,1,3,0,0,Kamigawa,equipment,Bottle,Blue,Black,Green,,,UNCOMMON
1589816,2,3,3,0,1,3,DnD,creature,zombie,Green,Red,,,,RARE
1589817,3,3,1,2,0,3,Innistrad,creature,human,Red,Black,,,,UNCOMMON
1589818,1,0,3,3,1,1,Innistrad,creature,zombie,Red,Blue,Black,Green,White,MYTHIC RARE
1589819,0,0,1,3,1,3,DnD,equipment,Sword,White,Green,,,,MYTHIC RARE
1589820,2,2,2,3,0,2,Ravnica,creature,boar,Blue,Black,Green,Red,,COMMON
1589821,2,1,1,3,3,3,Strixhaven,creature,boar,Red,White,,,,RARE
1589822,3,1,3,2,3,3,Kamigawa,equipment,Boots,White,Green,Black,,,RARE
1589823,2,0,1,0,2,1,Kaldheim,equipment,Sword,Black,White,Blue,,,UNCOMMON
1589824,1,1,0,2,2,0,DnD,creature,human,White,Red,Black,,,RARE
1589825,0,0,2,1,0,0,Kamigawa,equipment,Boots,Green,,,,,MYTHIC RARE
1589826,1,3,2,1,2,2,Strixhaven,equipment,Bottle,Red,Green,Black,,,COMMON
1589827,1,3,0,0,3,0,Innistrad,creature,human,Green,Red,Blue,,,COMMON
1589828,1,2,2,2,1,1,Ravnica,creature,dragon,Blue,,,,,MYTHIC RARE
1589829,1,0,1,3,3,0,Strixhaven,creature,boar,Green,,,,,RARE
1589830,2,1,2,2,0,1,Innistrad,equipment,Bottle,Blue,White,Red,,,RARE
1589831,3,0,0,3,2,1,Innistrad,creature,zombie,Green,Black,Blue,,,COMMON
1589832,3,0,1,2,0,3,Innistrad,creature,dwarf,Green,,,,,MYTHIC RARE
1589833,1,1,2,1,0,2,Innistrad,equipment,Talisman,Red,Blue,Green,,,MYTHIC RARE
1589834,0,2,2,3,0,1,Innistrad,equipment,Ring,White,Green,Red,,,RARE
1589835,3,0,1,3,2,1,Strixhaven,equipment,Sword,Black,Red,Blue,,,UNCOMMON
1589836,2,1,3,3,0,0,Kaldheim,equipment,Talisman,Green,White,Red,,,MYTHIC RARE
1589837,0,1,0,3,3,0,Kaldheim,equipment,Talisman,White,,,,,COMMON
1589838,0,1,2,0,2,1,DnD,equipment,Ring,White,Red,,,,UNCOMMON
1589839,3,3,3,0,0,2,Kamigawa,equipment,Sword,Green,White,,,,UNCOMMON
1589840,3,1,2,2,3,2,Kaldheim,creature,elf,Blue,White,Green,Black,,MYTHIC RARE
1589841,3,3,0,0,0,1,Kamigawa,equipment,Sword,White,Green,,,,COMMON
1589842,0,1,0,0,2,1,Kaldheim,creature,dwarf,Black,,,,,RARE
1589843,0,2,3,3,2,2,Kamigawa,creature,elf,Green,,,,,MYTHIC RARE
1589844,1,2,3,2,0,1,Strixhaven,equipment,Ring,White,Blue,Red,,,MYTHIC RARE
1589845,0,3,2,1,0,3,Innistrad,creature,dragon,Black,White,,,,UNCOMMON
1589846,1,0,3,3,3,2,Strixhaven,equipment,Boots,Black,,,,,UNCOMMON
1589847,3,3,2,1,1,0,Strixhaven,creature,boar,Green,Black,Red,Blue,,MYTHIC RARE
1589848,1,1,2,3,0,3,Ravnica,equipment,Boots,Black,Red,Blue,,,RARE
1589849,0,0,0,3,2,2,Strixhaven,creature,zombie,White,Green,,,,UNCOMMON
1589850,2,3,1,3,2,0,Innistrad,creature,zombie,White,Green,Black,,,COMMON
1589851,2,2,1,1,0,3,DnD,creature,zombie,Black,,,,,COMMON
1589852,0,0,1,2,2,0,Ravnica,equipment,Boots,Black,Green,Red,,,MYTHIC RARE
1589853,0,0,0,1,0,0,Kamigawa,creature,dragon,White,Red,Green,Black,,COMMON
1589854,3,1,2,1,0,2,Innistrad,creature,zombie,White,Green,Red,,,MYTHIC RARE
1589855,2,1,0,1,2,3,Ravnica,equipment,Bottle,Blue,White,,,,MYTHIC RARE
1589856,2,3,0,1,0,1,Kaldheim,equipment,Boots,Blue,Black,,,,COMMON
1589857,3,1,0,0,2,1,Ravnica,equipment,Boots,Black,Blue,Green,,,COMMON
1589858,1,3,1,1,0,1,DnD,creature,human,Red,White,Blue,,,MYTHIC RARE
1589859,0,1,2,0,1,3,Strixhaven,creature,boar,White,Black,Blue,,,RARE
1589860,3,1,0,0,2,0,Kamigawa,equipment,Ring,Blue,Red,,,,UNCOMMON
1589861,2,2,0,2,0,0,Kamigawa,creature,human,White,Green,,,,RARE
1589862,0,2,0,0,3,0,Strixhaven,creature,zombie,Blue,Red,White,Green,Black,MYTHIC RARE
1589863,2,0,0,1,2,1,Ravnica,equipment,Ring,White,Blue,Green,,,MYTHIC RARE
1589864,2,0,0,1,0,1,Strixhaven,creature,elf,Red,Black,Blue,,,MYTHIC RARE
1589865,3,3,0,1,3,2,DnD,creature,boar,Red,Blue,,,,COMMON
1589866,3,3,0,3,0,2,Ravnica,creature,zombie,Blue,Green,,,,MYTHIC RARE
1589867,1,0,0,1,0,2,Kaldheim,creature,dragon,Black,White,Red,,,RARE
1589868,0,1,3,2,1,1,Kamigawa,equipment,Sword,Red,,,,,UNCOMMON
1589869,0,0,3,2,3,0,Kamigawa,creature,boar,Black,,,,,MYTHIC RARE
1589870,3,1,0,2,1,1,DnD,creature,zombie,Red,White,,,,COMMON
1589871,0,3,2,3,2,2,DnD,creature,zombie,Red,Black,,,,MYTHIC RARE
1589872,0,2,0,3,1,0,Innistrad,equipment,Boots,Blue,Green,Black,,,MYTHIC RARE
1589873,1,0,2,3,2,1,Kaldheim,creature,boar,Blue,White,,,,RARE
1589874,3,0,1,1,2,0,Innistrad,equipment,Sword,Blue,Red,,,,RARE
1589875,3,2,1,1,2,2,Ravnica,creature,boar,Green,,,,,COMMON
1589876,1,3,3,3,3,1,DnD,creature,elf,Blue,,,,,UNCOMMON
1589877,3,2,3,2,3,2,Kamigawa,creature,zombie,Black,Red,,,,MYTHIC RARE
1589878,2,2,3,0,2,2,Strixhaven,creature,zombie,Blue,Green,Red,,,UNCOMMON
1589879,3,1,1,0,1,1,DnD,equipment,Ring,White,Red,,,,UNCOMMON
1589880,2,0,1,2,3,1,Kaldheim,creature,dragon,Red,Green,Black,,,RARE
1589881,0,1,2,2,3,2,Strixhaven,creature,boar,Green,Blue,White,,,UNCOMMON
1589882,1,0,2,1,2,2,Kamigawa,creature,human,White,Blue,Red,,,RARE
1589883,1,3,1,2,2,0,Innistrad,creature,elf,Blue,Red,Green,White,,RARE
1589884,3,2,3,0,1,2,Kamigawa,creature,boar,Red,Blue,Black,,,RARE
1589885,2,2,0,0,3,3,Ravnica,creature,dwarf,Black,Red,White,,,RARE
1589886,1,1,1,1,1,1,Strixhaven,creature,human,Green,,,,,RARE
1589887,2,1,3,3,3,2,Innistrad,creature,dwarf,Black,Blue,,,,RARE
1589888,2,3,1,2,1,0,Kamigawa,equipment,Boots,Red,White,,,,UNCOMMON
1589889,1,1,1,0,0,0,Ravnica,equipment,Sword,Black,Blue,Red,,,COMMON
1589890,0,0,3,2,2,2,DnD,creature,zombie,Red,Blue,,,,RARE
1589891,3,0,1,3,2,3,Kamigawa,creature,boar,Green,,,,,MYTHIC RARE
1589892,0,3,3,1,3,1,Ravnica,equipment,Boots,Blue,White,,,,COMMON
1589893,3,3,2,1,1,3,DnD,creature,human,Black,Blue,,,,MYTHIC RARE
1589894,1,2,1,0,3,2,Kaldheim,creature,human,Black,White,Green,,,COMMON
1589895,2,0,3,0,3,3,Ravnica,equipment,Bottle,White,Green,,,,MYTHIC RARE
1589896,0,3,0,0,2,2,Innistrad,creature,dragon,Black,Green,Blue,,,COMMON
1589897,2,0,3,2,1,1,Strixhaven,equipment,Talisman,Blue,Green,White,,,UNCOMMON
1589898,2,2,1,1,1,3,Innistrad,equipment,Sword,Red,Green,,,,UNCOMMON
1589899,1,0,1,0,0,1,DnD,creature,boar,Black,Red,,,,UNCOMMON
1589900,2,2,2,2,3,2,DnD,creature,elf,Red,Blue,Green,,,COMMON
1589901,1,3,0,3,2,1,Kaldheim,equipment,Boots,Green,Red,,,,UNCOMMON
1589902,3,2,1,2,3,0,Strixhaven,creature,dwarf,Blue,White,Black,,,UNCOMMON
1589903,3,3,2,3,0,1,Kaldheim,creature,boar,Blue,Black,Red,White,,RARE
1589904,0,0,1,0,2,0,Innistrad,equipment,Ring,Blue,White,,,,RARE
1589905,0,3,1,3,2,3,Innistrad,equipment,Bottle,Black,Blue,Green,,,MYTHIC RARE
1589906,3,1,1,2,0,3,Strixhaven,equipment,Bottle,White,Blue,Green,Red,,COMMON
1589907,2,0,0,2,2,2,Kamigawa,equipment,Talisman,White,Black,Red,Blue,,COMMON
1589908,0,3,0,0,1,3,Strixhaven,creature,boar,White,Red,Green,,,UNCOMMON
1589909,0,1,3,0,3,2,Innistrad,equipment,Sword,Red,Green,Black,,,UNCOMMON
1589910,0,2,0,0,0,1,Ravnica,creature,elf,Blue,White,,,,MYTHIC RARE
1589911,3,1,0,3,3,2,DnD,equipment,Talisman,White,,,,,MYTHIC RARE
1589912,2,3,2,3,2,0,Kaldheim,creature,elf,Green,White,,,,UNCOMMON
1589913,3,2,2,3,3,2,Ravnica,creature,elf,Black,Blue,Red,,,COMMON
1589914,1,0,1,0,3,2,Ravnica,equipment,Boots,Green,,,,,RARE
1589915,1,0,0,1,3,1,Kaldheim,equipment,Ring,Blue,,,,,COMMON
1589916,1,3,2,3,1,0,Innistrad,creature,dwarf,White,Green,,,,MYTHIC RARE
1589917,2,3,1,2,0,2,DnD,equipment,Bottle,Black,,,,,COMMON
1589918,0,2,3,3,2,0,Kaldheim,equipment,Ring,Blue,White,Red,,,UNCOMMON
1589919,3,0,2,1,1,1,Kaldheim,equipment,Talisman,Black,,,,,MYTHIC RARE
1589920,0,1,0,3,1,1,Innistrad,creature,boar,Blue,Red,,,,MYTHIC RARE
1589921,3,3,3,3,3,3,Strixhaven,equipment,Ring,Blue,Red,White,,,MYTHIC RARE
1589922,1,3,2,2,2,3,Kamigawa,equipment,Sword,White,Black,,,,COMMON
1589923,1,3,1,2,3,0,Kamigawa,creature,human,White,Green,,,,RARE
1589924,1,2,1,1,2,1,Kamigawa,equipment,Ring,Red,,,,,MYTHIC RARE
1589925,2,2,1,3,0,3,Innistrad,creature,dwarf,Red,Green,White,Blue,,UNCOMMON
1589926,3,3,3,3,3,0,Innistrad,creature,dwarf,Black,Red,,,,MYTHIC RARE
1589927,0,0,0,0,3,1,Ravnica,equipment,Bottle,Black,Green,White,,,COMMON
1589928,0,1,1,1,2,1,Strixhaven,creature,human,Blue,Red,Green,,,RARE
1589929,0,1,0,2,3,2,Kamigawa,creature,dwarf,Black,White,Green,,,COMMON
1589930,1,2,0,2,3,3,DnD,equipment,Sword,Black,Green,White,Blue,,UNCOMMON
1589931,1,2,1,0,1,1,DnD,equipment,Ring,White,,,,,UNCOMMON
1589932,1,3,0,2,3,0,Innistrad,equipment,Bottle,Green,White,Red,,,UNCOMMON
1589933,0,1,2,1,3,0,Kaldheim,creature,boar,Black,Red,Green,,,MYTHIC RARE
1589934,0,2,1,2,2,3,Innistrad,equipment,Sword,Black,Red,,,,UNCOMMON
1589935,2,0,1,1,3,0,Innistrad,equipment,Boots,Red,Green,,,,UNCOMMON
1589936,0,0,3,1,1,2,Strixhaven,equipment,Talisman,White,Red,Black,,,UNCOMMON
1589937,1,1,2,3,1,2,Innistrad,equipment,Sword,Blue,Red,Black,White,,RARE
1589938,0,1,0,0,0,2,Ravnica,creature,dragon,White,Black,,,,UNCOMMON
1589939,3,1,1,3,3,0,DnD,creature,dwarf,Green,Blue,,,,RARE
1589940,1,1,0,2,0,3,Kaldheim,creature,elf,White,,,,,MYTHIC RARE
1589941,3,3,1,0,1,3,Kaldheim,creature,boar,Red,White,,,,COMMON
1589942,3,1,1,2,1,2,Strixhaven,equipment,Ring,Blue,Red,Black,,,MYTHIC RARE
1589943,1,2,0,2,1,0,Kamigawa,equipment,Sword,Black,Green,,,,MYTHIC RARE
1589944,2,2,1,0,2,1,DnD,equipment,Ring,Red,Black,,,,MYTHIC RARE
1589945,1,3,3,3,2,0,Innistrad,equipment,Boots,Blue,,,,,MYTHIC RARE
1589946,0,2,3,1,3,2,Ravnica,equipment,Talisman,White,Green,Red,,,UNCOMMON
1589947,3,0,1,1,3,3,DnD,equipment,Talisman,Red,Blue,,,,MYTHIC RARE
1589948,3,0,0,3,3,0,DnD,creature,dwarf,Black,White,Green,Red,,MYTHIC RARE
1589949,1,3,2,0,3,3,Kamigawa,creature,dwarf,Blue,White,,,,RARE
1589950,2,2,1,0,2,1,DnD,creature,dwarf,Red,Green,Black,,,UNCOMMON
1589951,1,3,2,0,3,0,Kamigawa,equipment,Talisman,Black,Green,,,,MYTHIC RARE
1589952,2,3,2,3,3,2,Kamigawa,creature,dragon,White,Red,Black,,,RARE
1589953,2,2,3,3,3,1,Kaldheim,creature,boar,Red,,,,,MYTHIC RARE
1589954,2,1,1,1,0,0,Ravnica,equipment,Ring,Blue,Black,Red,,,MYTHIC RARE
1589955,3,0,1,2,2,3,Kaldheim,creature,boar,Black,Red,,,,MYTHIC RARE
1589956,1,1,1,3,2,3,DnD,equipment,Talisman,Red,Blue,,,,UNCOMMON
1589957,3,0,3,1,0,1,Kamigawa,creature,dwarf,Black,Red,Blue,,,RARE
1589958,3,0,2,1,0,3,Kamigawa,equipment,Ring,Green,Blue,,,,UNCOMMON
1589959,2,1,1,3,1,0,Strixhaven,creature,dragon,Green,Blue,White,,,COMMON
1589960,0,3,1,2,2,2,Innistrad,equipment,Sword,Blue,Black,,,,MYTHIC RARE
1589961,1,0,2,1,2,1,Ravnica,creature,elf,Blue,,,,,COMMON
1589962,3,2,1,3,2,0,Kaldheim,equipment,Bottle,Red,,,,,MYTHIC RARE
1589963,2,1,3,3,3,1,Ravnica,equipment,Sword,White,Green,,,,UNCOMMON
1589964,2,2,0,1,2,2,DnD,equipment,Talisman,White,,,,,COMMON
1589965,0,3,1,3,3,3,Kamigawa,equipment,Sword,Black,Blue,Red,,,UNCOMMON
1589966,3,0,0,0,2,3,Kamigawa,creature,zombie,Blue,White,,,,MYTHIC RARE
1589967,0,3,0,0,1,1,Strixhaven,equipment,Boots,Red,,,,,UNCOMMON
1589968,1,1,0,0,3,3,Ravnica,creature,zombie,White,Red,,,,RARE
1589969,0,3,2,1,1,2,Ravnica,equipment,Ring,Green,Blue,,,,COMMON
1589970,0,1,1,2,2,1,DnD,equipment,Sword,Black,,,,,COMMON
1589971,2,2,0,1,0,2,Ravnica,equipment,Bottle,Green,,,,,UNCOMMON
1589972,1,0,3,0,0,3,Innistrad,creature,boar,Green,,,,,COMMON
1589973,3,1,1,0,0,3,DnD,equipment,Boots,White,Black,Red,,,RARE
1589974,2,0,1,1,3,1,Innistrad,creature,boar,Blue,Green,,,,UNCOMMON
1589975,3,0,1,0,0,2,Ravnica,creature,human,Green,Blue,,,,COMMON
1589976,0,2,3,2,2,0,Ravnica,equipment,Talisman,Green,Black,White,Blue,,UNCOMMON
1589977,2,0,2,0,1,3,Strixhaven,creature,boar,Black,,,,,MYTHIC RARE
1589978,3,2,2,1,3,1,Strixhaven,creature,boar,Red,Blue,,,,MYTHIC RARE
1589979,1,0,2,1,3,1,Kaldheim,creature,elf,Blue,Green,,,,UNCOMMON
1589980,3,3,0,1,1,1,Strixhaven,creature,dragon,White,Blue,Green,,,MYTHIC RARE
1589981,3,3,3,1,2,2,Strixhaven,equipment,Boots,Black,Green,White,,,COMMON
1589982,0,0,1,1,0,3,Strixhaven,creature,dwarf,Blue,,,,,RARE
1589983,0,1,3,1,2,2,Kaldheim,equipment,Bottle,Green,Black,,,,COMMON
1589984,3,0,1,1,0,2,Kamigawa,creature,zombie,Blue,White,Black,,,COMMON
1589985,2,0,1,3,0,1,Kaldheim,creature,dwarf,Green,Black,White,Blue,,RARE
1589986,2,2,1,1,2,1,Innistrad,creature,dwarf,Blue,Red,,,,RARE
1589987,0,1,0,1,2,1,Ravnica,equipment,Boots,Blue,Black,Green,,,COMMON
1589988,1,3,3,1,0,3,Ravnica,creature,zombie,Blue,White,Green,,,UNCOMMON
1589989,3,3,2,0,0,0,Innistrad,equipment,Sword,Green,Red,,,,RARE
1589990,2,1,2,0,1,1,Kamigawa,creature,boar,White,,,,,COMMON
1589991,3,3,0,3,1,0,Kaldheim,creature,human,Green,Blue,,,,RARE
1589992,0,0,1,1,2,1,Ravnica,creature,dwarf,Black,,,,,RARE
1589993,2,1,0,1,1,0,Kamigawa,creature,zombie,White,Green,Black,,,RARE
1589994,0,0,1,3,1,2,Ravnica,equipment,Boots,Red,,,,,UNCOMMON
1589995,1,3,3,2,0,0,Strixhaven,equipment,Sword,White,Blue,,,,COMMON
1589996,2,1,2,1,1,2,Ravnica,creature,human,White,Blue,Green,,,MYTHIC RARE
1589997,0,2,0,2,2,3,DnD,creature,human,Green,Black,,,,MYTHIC RARE
1589998,2,2,1,0,0,2,Kaldheim,creature,human,White,Red,,,,UNCOMMON
1589999,3,1,0,0,2,3,Innistrad,creature,human,Green,Black,,,,RARE
